 -1.4624E-20  0.0000E+00  5.5107E+00  7.1362E-01  7.1105E-01  5.0742E-01  2.9665E-21
  4.7794E-03  1.6000E-02  5.5107E+00  7.1362E-01  7.1105E-01  5.0742E-01  4.0786E-06
  9.5588E-03  3.2000E-02  5.5107E+00  7.1362E-01  7.1105E-01  5.0742E-01  8.1571E-06
  1.4338E-02  4.8000E-02  5.5107E+00  7.1362E-01  7.1105E-01  5.0742E-01  1.2236E-05
  1.9118E-02  6.4000E-02  5.5107E+00  7.1362E-01  7.1105E-01  5.0742E-01  1.6314E-05
  2.3897E-02  8.0000E-02  5.5107E+00  7.1362E-01  7.1105E-01  5.0742E-01  2.0393E-05
  2.8676E-02  9.6000E-02  5.5107E+00  7.1362E-01  7.1105E-01  5.0742E-01  2.4471E-05
  3.3558E-02  1.1234E-01  5.5107E+00  7.1362E-01  7.1105E-01  5.0742E-01  2.8637E-05
  3.8337E-02  1.2834E-01  5.5107E+00  7.1362E-01  7.1105E-01  5.0742E-01  3.2716E-05
  4.3117E-02  1.4434E-01  5.5107E+00  7.1362E-01  7.1105E-01  5.0742E-01  3.6794E-05
  4.7896E-02  1.6034E-01  5.5107E+00  7.1362E-01  7.1105E-01  5.0742E-01  4.0873E-05
  5.2676E-02  1.7634E-01  5.5107E+00  7.1362E-01  7.1105E-01  5.0742E-01  4.4952E-05
  5.7455E-02  1.9234E-01  5.5107E+00  7.1362E-01  7.1105E-01  5.0742E-01  4.9030E-05
  6.2234E-02  2.0834E-01  5.5107E+00  7.1362E-01  7.1105E-01  5.0742E-01  5.3109E-05
  6.7116E-02  2.2469E-01  5.5107E+00  7.1362E-01  7.1105E-01  5.0742E-01  5.7275E-05
  7.1895E-02  2.4069E-01  5.5107E+00  7.1362E-01  7.1105E-01  5.0742E-01  6.1353E-05
  7.6675E-02  2.5669E-01  5.5107E+00  7.1362E-01  7.1105E-01  5.0742E-01  6.5432E-05
  8.1454E-02  2.7269E-01  5.5107E+00  7.1362E-01  7.1105E-01  5.0742E-01  6.9510E-05
  8.6234E-02  2.8869E-01  5.5107E+00  7.1362E-01  7.1105E-01  5.0742E-01  7.3589E-05
  9.1013E-02  3.0469E-01  5.5107E+00  7.1362E-01  7.1105E-01  5.0742E-01  7.7667E-05
  9.5792E-02  3.2069E-01  5.5107E+00  7.1362E-01  7.1105E-01  5.0742E-01  8.1746E-05
  1.0067E-01  3.3703E-01  5.5107E+00  7.1362E-01  7.1105E-01  5.0742E-01  8.5912E-05
  1.0545E-01  3.5303E-01  5.5107E+00  7.1362E-01  7.1105E-01  5.0742E-01  8.9990E-05
  1.1023E-01  3.6903E-01  5.5107E+00  7.1362E-01  7.1105E-01  5.0742E-01  9.4069E-05
  1.1501E-01  3.8503E-01  5.5107E+00  7.1362E-01  7.1105E-01  5.0742E-01  9.8148E-05
  1.1979E-01  4.0103E-01  5.5107E+00  7.1362E-01  7.1105E-01  5.0742E-01  1.0223E-04
  1.2457E-01  4.1703E-01  5.5107E+00  7.1362E-01  7.1105E-01  5.0742E-01  1.0630E-04
  1.2935E-01  4.3303E-01  5.5107E+00  7.1362E-01  7.1105E-01  5.0742E-01  1.1038E-04
  1.3423E-01  4.4937E-01  5.5107E+00  7.1362E-01  7.1105E-01  5.0742E-01  1.1455E-04
  1.3901E-01  4.6537E-01  5.5107E+00  7.1362E-01  7.1105E-01  5.0742E-01  1.1863E-04
  1.4379E-01  4.8137E-01  5.5107E+00  7.1362E-01  7.1105E-01  5.0742E-01  1.2271E-04
  1.4857E-01  4.9737E-01  5.5107E+00  7.1362E-01  7.1105E-01  5.0742E-01  1.2678E-04
  1.5335E-01  5.1337E-01  5.5107E+00  7.1362E-01  7.1105E-01  5.0742E-01  1.3086E-04
  1.5813E-01  5.2937E-01  5.5107E+00  7.1362E-01  7.1105E-01  5.0742E-01  1.3494E-04
  1.6291E-01  5.4537E-01  5.5107E+00  7.1362E-01  7.1105E-01  5.0742E-01  1.3902E-04
  1.6779E-01  5.6171E-01  5.5107E+00  7.1362E-01  7.1105E-01  5.0742E-01  1.4319E-04
  1.7257E-01  5.7771E-01  5.5107E+00  7.1362E-01  7.1105E-01  5.0742E-01  1.4726E-04
  1.7735E-01  5.9371E-01  5.5107E+00  7.1362E-01  7.1105E-01  5.0742E-01  1.5134E-04
  1.8213E-01  6.0971E-01  5.5107E+00  7.1362E-01  7.1105E-01  5.0742E-01  1.5542E-04
  1.8691E-01  6.2571E-01  5.5107E+00  7.1362E-01  7.1105E-01  5.0742E-01  1.5950E-04
  1.9169E-01  6.4171E-01  5.5107E+00  7.1362E-01  7.1105E-01  5.0742E-01  1.6358E-04
  1.9647E-01  6.5771E-01  5.5107E+00  7.1362E-01  7.1105E-01  5.0742E-01  1.6766E-04
  2.0135E-01  6.7406E-01  5.5107E+00  7.1362E-01  7.1105E-01  5.0742E-01  1.7182E-04
  2.0613E-01  6.9006E-01  5.5107E+00  7.1362E-01  7.1105E-01  5.0742E-01  1.7590E-04
  2.1091E-01  7.0606E-01  5.5107E+00  7.1362E-01  7.1105E-01  5.0742E-01  1.7998E-04
  2.1569E-01  7.2206E-01  5.5107E+00  7.1362E-01  7.1105E-01  5.0742E-01  1.8406E-04
  2.2047E-01  7.3806E-01  5.5107E+00  7.1362E-01  7.1105E-01  5.0742E-01  1.8814E-04
  2.2524E-01  7.5406E-01  5.5107E+00  7.1362E-01  7.1105E-01  5.0742E-01  1.9222E-04
  2.3002E-01  7.7006E-01  5.5107E+00  7.1362E-01  7.1105E-01  5.0742E-01  1.9630E-04
  2.3491E-01  7.8640E-01  5.5107E+00  7.1362E-01  7.1105E-01  5.0742E-01  2.0046E-04
  2.3969E-01  8.0240E-01  5.5107E+00  7.1362E-01  7.1105E-01  5.0742E-01  2.0454E-04
  2.4446E-01  8.1840E-01  5.5107E+00  7.1362E-01  7.1105E-01  5.0742E-01  2.0862E-04
  2.4924E-01  8.3440E-01  5.5107E+00  7.1362E-01  7.1105E-01  5.0742E-01  2.1270E-04
  2.5402E-01  8.5040E-01  5.5107E+00  7.1362E-01  7.1105E-01  5.0742E-01  2.1678E-04
  2.5880E-01  8.6640E-01  5.5107E+00  7.1362E-01  7.1105E-01  5.0742E-01  2.2085E-04
  2.6358E-01  8.8240E-01  5.5107E+00  7.1362E-01  7.1105E-01  5.0742E-01  2.2493E-04
  2.6846E-01  8.9874E-01  5.5107E+00  7.1362E-01  7.1105E-01  5.0742E-01  2.2910E-04
  2.7324E-01  9.1474E-01  5.5107E+00  7.1362E-01  7.1105E-01  5.0742E-01  2.3318E-04
  2.7802E-01  9.3074E-01  5.5107E+00  7.1362E-01  7.1105E-01  5.0742E-01  2.3726E-04
  2.8280E-01  9.4674E-01  5.5107E+00  7.1362E-01  7.1105E-01  5.0742E-01  2.4133E-04
  2.8758E-01  9.6274E-01  5.5107E+00  7.1362E-01  7.1105E-01  5.0742E-01  2.4541E-04
  2.9236E-01  9.7874E-01  5.5107E+00  7.1362E-01  7.1105E-01  5.0742E-01  2.4949E-04
  2.9714E-01  9.9474E-01  5.5107E+00  7.1362E-01  7.1105E-01  5.0742E-01  2.5357E-04
  3.0202E-01  1.0111E+00  5.5107E+00  7.1362E-01  7.1105E-01  5.0742E-01  2.5774E-04
  3.0680E-01  1.0271E+00  5.5107E+00  7.1362E-01  7.1105E-01  5.0742E-01  2.6181E-04
  3.1158E-01  1.0431E+00  5.5107E+00  7.1362E-01  7.1105E-01  5.0742E-01  2.6589E-04
  3.1636E-01  1.0591E+00  5.5107E+00  7.1362E-01  7.1105E-01  5.0742E-01  2.6997E-04
  3.2114E-01  1.0751E+00  5.5107E+00  7.1362E-01  7.1105E-01  5.0742E-01  2.7405E-04
  3.2592E-01  1.0911E+00  5.5107E+00  7.1362E-01  7.1105E-01  5.0742E-01  2.7813E-04
  3.3070E-01  1.1071E+00  5.5107E+00  7.1362E-01  7.1105E-01  5.0742E-01  2.8221E-04
  3.3558E-01  1.1234E+00  5.5107E+00  7.1362E-01  7.1105E-01  5.0742E-01  2.8637E-04
  3.4036E-01  1.1394E+00  5.5107E+00  7.1362E-01  7.1105E-01  5.0742E-01  2.9045E-04
  3.4514E-01  1.1554E+00  5.5107E+00  7.1362E-01  7.1105E-01  5.0742E-01  2.9453E-04
  3.4992E-01  1.1714E+00  5.5107E+00  7.1362E-01  7.1105E-01  5.0742E-01  2.9861E-04
  3.5470E-01  1.1874E+00  5.5107E+00  7.1362E-01  7.1105E-01  5.0742E-01  3.0269E-04
  3.5948E-01  1.2034E+00  5.5107E+00  7.1362E-01  7.1105E-01  5.0742E-01  3.0677E-04
  3.6426E-01  1.2194E+00  5.5107E+00  7.1362E-01  7.1105E-01  5.0742E-01  3.1084E-04
  3.6914E-01  1.2358E+00  5.5107E+00  7.1362E-01  7.1105E-01  5.0742E-01  3.1501E-04
  3.7392E-01  1.2518E+00  5.5107E+00  7.1362E-01  7.1105E-01  5.0742E-01  3.1909E-04
  3.7870E-01  1.2678E+00  5.5107E+00  7.1362E-01  7.1105E-01  5.0742E-01  3.2317E-04
  3.8348E-01  1.2838E+00  5.5107E+00  7.1362E-01  7.1105E-01  5.0742E-01  3.2725E-04
  3.8826E-01  1.2998E+00  5.5107E+00  7.1362E-01  7.1105E-01  5.0742E-01  3.3132E-04
  3.9303E-01  1.3158E+00  5.5107E+00  7.1362E-01  7.1105E-01  5.0742E-01  3.3540E-04
  3.9781E-01  1.3318E+00  5.5107E+00  7.1362E-01  7.1105E-01  5.0742E-01  3.3948E-04
  4.0270E-01  1.3481E+00  5.5107E+00  7.1362E-01  7.1105E-01  5.0742E-01  3.4365E-04
  4.0748E-01  1.3641E+00  5.5107E+00  7.1362E-01  7.1105E-01  5.0742E-01  3.4773E-04
  4.1225E-01  1.3801E+00  5.5107E+00  7.1362E-01  7.1105E-01  5.0742E-01  3.5180E-04
  4.1703E-01  1.3961E+00  5.5107E+00  7.1362E-01  7.1105E-01  5.0742E-01  3.5588E-04
  4.2181E-01  1.4121E+00  5.5107E+00  7.1362E-01  7.1105E-01  5.0742E-01  3.5996E-04
  4.2659E-01  1.4281E+00  5.5107E+00  7.1362E-01  7.1105E-01  5.0742E-01  3.6404E-04
  4.3137E-01  1.4441E+00  5.5107E+00  7.1362E-01  7.1105E-01  5.0742E-01  3.6812E-04
  4.3625E-01  1.4605E+00  5.5107E+00  7.1362E-01  7.1105E-01  5.0742E-01  3.7228E-04
  4.4103E-01  1.4765E+00  5.5107E+00  7.1362E-01  7.1105E-01  5.0742E-01  3.7636E-04
  4.4581E-01  1.4925E+00  5.5107E+00  7.1362E-01  7.1105E-01  5.0742E-01  3.8044E-04
  4.5059E-01  1.5085E+00  5.5107E+00  7.1362E-01  7.1105E-01  5.0742E-01  3.8452E-04
  4.5537E-01  1.5245E+00  5.5107E+00  7.1362E-01  7.1105E-01  5.0742E-01  3.8860E-04
  4.6015E-01  1.5405E+00  5.5107E+00  7.1362E-01  7.1105E-01  5.0742E-01  3.9268E-04
  4.6493E-01  1.5565E+00  5.5107E+00  7.1362E-01  7.1105E-01  5.0742E-01  3.9676E-04
  4.6981E-01  1.5728E+00  5.5107E+00  7.1362E-01  7.1105E-01  5.0742E-01  4.0092E-04
  4.7459E-01  1.5888E+00  5.5107E+00  7.1362E-01  7.1105E-01  5.0742E-01  4.0500E-04
  4.7937E-01  1.6048E+00  5.5107E+00  7.1362E-01  7.1105E-01  5.0742E-01  4.0908E-04
  4.8415E-01  1.6208E+00  5.5107E+00  7.1362E-01  7.1105E-01  5.0742E-01  4.1316E-04
  4.8893E-01  1.6368E+00  5.5107E+00  7.1362E-01  7.1105E-01  5.0742E-01  4.1724E-04
  4.9371E-01  1.6528E+00  5.5107E+00  7.1362E-01  7.1105E-01  5.0742E-01  4.2131E-04
  4.9849E-01  1.6688E+00  5.5107E+00  7.1362E-01  7.1105E-01  5.0742E-01  4.2539E-04
  4.9998E-01  1.6738E+00  5.5107E+00  7.1362E-01  7.1105E-01  5.0742E-01  4.2667E-04
  5.0337E-01  1.6851E+00  5.5107E+00  7.1362E-01  7.1105E-01  5.0742E-01  4.2956E-04
  5.0815E-01  1.7011E+00  5.5107E+00  7.1362E-01  7.1105E-01  5.0742E-01  4.3364E-04
  5.1293E-01  1.7171E+00  5.5107E+00  7.1362E-01  7.1105E-01  5.0742E-01  4.3772E-04
  5.1771E-01  1.7331E+00  5.5107E+00  7.1362E-01  7.1105E-01  5.0742E-01  4.4179E-04
  5.2249E-01  1.7491E+00  5.5107E+00  7.1362E-01  7.1105E-01  5.0742E-01  4.4587E-04
  5.2727E-01  1.7651E+00  5.5107E+00  7.1362E-01  7.1105E-01  5.0742E-01  4.4995E-04
  5.3205E-01  1.7811E+00  5.5107E+00  7.1362E-01  7.1105E-01  5.0742E-01  4.5403E-04
  5.3693E-01  1.7975E+00  5.5107E+00  7.1362E-01  7.1105E-01  5.0742E-01  4.5820E-04
  5.4171E-01  1.8135E+00  5.5107E+00  7.1362E-01  7.1105E-01  5.0742E-01  4.6227E-04
  5.4649E-01  1.8295E+00  5.5107E+00  7.1362E-01  7.1105E-01  5.0742E-01  4.6635E-04
  5.5127E-01  1.8455E+00  5.5107E+00  7.1362E-01  7.1105E-01  5.0742E-01  4.7043E-04
  5.5605E-01  1.8615E+00  5.5107E+00  7.1362E-01  7.1105E-01  5.0742E-01  4.7451E-04
  5.6082E-01  1.8775E+00  5.5107E+00  7.1362E-01  7.1105E-01  5.0742E-01  4.7859E-04
  5.6560E-01  1.8935E+00  5.5107E+00  7.1362E-01  7.1105E-01  5.0742E-01  4.8267E-04
  5.7049E-01  1.9098E+00  5.5107E+00  7.1362E-01  7.1105E-01  5.0742E-01  4.8683E-04
  5.7527E-01  1.9258E+00  5.5107E+00  7.1362E-01  7.1105E-01  5.0742E-01  4.9091E-04
  5.8004E-01  1.9418E+00  5.5107E+00  7.1362E-01  7.1105E-01  5.0742E-01  4.9499E-04
  5.8482E-01  1.9578E+00  5.5107E+00  7.1362E-01  7.1105E-01  5.0742E-01  4.9907E-04
  5.8960E-01  1.9738E+00  5.5107E+00  7.1362E-01  7.1105E-01  5.0742E-01  5.0315E-04
  5.9438E-01  1.9898E+00  5.5107E+00  7.1362E-01  7.1105E-01  5.0742E-01  5.0723E-04
  5.9916E-01  2.0058E+00  5.5107E+00  7.1362E-01  7.1105E-01  5.0742E-01  5.1131E-04
  6.0404E-01  2.0222E+00  5.5107E+00  7.1362E-01  7.1105E-01  5.0742E-01  5.1547E-04
  6.0882E-01  2.0382E+00  5.5107E+00  7.1362E-01  7.1105E-01  5.0742E-01  5.1955E-04
  6.1360E-01  2.0542E+00  5.5107E+00  7.1362E-01  7.1105E-01  5.0742E-01  5.2363E-04
  6.1838E-01  2.0702E+00  5.5107E+00  7.1362E-01  7.1105E-01  5.0742E-01  5.2771E-04
  6.2316E-01  2.0862E+00  5.5107E+00  7.1362E-01  7.1105E-01  5.0742E-01  5.3179E-04
  6.2794E-01  2.1022E+00  5.5107E+00  7.1362E-01  7.1105E-01  5.0742E-01  5.3586E-04
  6.3272E-01  2.1182E+00  5.5107E+00  7.1362E-01  7.1105E-01  5.0742E-01  5.3994E-04
  6.3760E-01  2.1345E+00  5.5107E+00  7.1362E-01  7.1105E-01  5.0742E-01  5.4411E-04
  6.4238E-01  2.1505E+00  5.5107E+00  7.1362E-01  7.1105E-01  5.0742E-01  5.4819E-04
  6.4716E-01  2.1665E+00  5.5107E+00  7.1362E-01  7.1105E-01  5.0742E-01  5.5227E-04
  6.5194E-01  2.1825E+00  5.5107E+00  7.1362E-01  7.1105E-01  5.0742E-01  5.5634E-04
  6.5672E-01  2.1985E+00  5.5107E+00  7.1362E-01  7.1105E-01  5.0742E-01  5.6042E-04
  6.6150E-01  2.2145E+00  5.5107E+00  7.1362E-01  7.1105E-01  5.0742E-01  5.6450E-04
  6.6628E-01  2.2305E+00  5.5107E+00  7.1362E-01  7.1105E-01  5.0742E-01  5.6858E-04
  6.7116E-01  2.2469E+00  5.5107E+00  7.1362E-01  7.1105E-01  5.0742E-01  5.7275E-04
  6.7594E-01  2.2629E+00  5.5107E+00  7.1362E-01  7.1105E-01  5.0742E-01  5.7682E-04
  6.8072E-01  2.2789E+00  5.5107E+00  7.1362E-01  7.1105E-01  5.0742E-01  5.8090E-04
  6.8550E-01  2.2949E+00  5.5107E+00  7.1362E-01  7.1105E-01  5.0742E-01  5.8498E-04
  6.9028E-01  2.3109E+00  5.5107E+00  7.1362E-01  7.1105E-01  5.0742E-01  5.8906E-04
  6.9506E-01  2.3269E+00  5.5107E+00  7.1362E-01  7.1105E-01  5.0742E-01  5.9314E-04
  6.9984E-01  2.3429E+00  5.5107E+00  7.1362E-01  7.1105E-01  5.0742E-01  5.9722E-04
  7.0472E-01  2.3592E+00  5.5107E+00  7.1362E-01  7.1105E-01  5.0742E-01  6.0138E-04
  7.0950E-01  2.3752E+00  5.5107E+00  7.1362E-01  7.1105E-01  5.0742E-01  6.0546E-04
  7.1428E-01  2.3912E+00  5.5107E+00  7.1362E-01  7.1105E-01  5.0742E-01  6.0954E-04
  7.1906E-01  2.4072E+00  5.5107E+00  7.1362E-01  7.1105E-01  5.0742E-01  6.1362E-04
  7.2384E-01  2.4232E+00  5.5107E+00  7.1362E-01  7.1105E-01  5.0742E-01  6.1770E-04
  7.2861E-01  2.4392E+00  5.5107E+00  7.1362E-01  7.1105E-01  5.0742E-01  6.2178E-04
  7.3339E-01  2.4552E+00  5.5107E+00  7.1362E-01  7.1105E-01  5.0742E-01  6.2585E-04
  7.3828E-01  2.4715E+00  5.5107E+00  7.1362E-01  7.1105E-01  5.0742E-01  6.3002E-04
  7.4306E-01  2.4875E+00  5.5107E+00  7.1362E-01  7.1105E-01  5.0742E-01  6.3410E-04
  7.4783E-01  2.5035E+00  5.5107E+00  7.1362E-01  7.1105E-01  5.0742E-01  6.3818E-04
  7.5261E-01  2.5195E+00  5.5107E+00  7.1362E-01  7.1105E-01  5.0742E-01  6.4226E-04
  7.5739E-01  2.5355E+00  5.5107E+00  7.1362E-01  7.1105E-01  5.0742E-01  6.4633E-04
  7.6217E-01  2.5515E+00  5.5107E+00  7.1362E-01  7.1105E-01  5.0742E-01  6.5041E-04
  7.6695E-01  2.5675E+00  5.5107E+00  7.1362E-01  7.1105E-01  5.0742E-01  6.5449E-04
  7.7183E-01  2.5839E+00  5.5107E+00  7.1362E-01  7.1105E-01  5.0742E-01  6.5866E-04
  7.7661E-01  2.5999E+00  5.5107E+00  7.1362E-01  7.1105E-01  5.0742E-01  6.6274E-04
  7.8139E-01  2.6159E+00  5.5107E+00  7.1362E-01  7.1105E-01  5.0742E-01  6.6681E-04
  7.8617E-01  2.6319E+00  5.5107E+00  7.1362E-01  7.1105E-01  5.0742E-01  6.7089E-04
  7.9095E-01  2.6479E+00  5.5107E+00  7.1362E-01  7.1105E-01  5.0742E-01  6.7497E-04
  7.9573E-01  2.6639E+00  5.5107E+00  7.1362E-01  7.1105E-01  5.0742E-01  6.7905E-04
  8.0051E-01  2.6799E+00  5.5107E+00  7.1362E-01  7.1105E-01  5.0742E-01  6.8313E-04
  8.0539E-01  2.6962E+00  5.5107E+00  7.1362E-01  7.1105E-01  5.0742E-01  6.8729E-04
  8.1017E-01  2.7122E+00  5.5107E+00  7.1362E-01  7.1105E-01  5.0742E-01  6.9137E-04
  8.1495E-01  2.7282E+00  5.5107E+00  7.1362E-01  7.1105E-01  5.0742E-01  6.9545E-04
  8.1973E-01  2.7442E+00  5.5107E+00  7.1362E-01  7.1105E-01  5.0742E-01  6.9953E-04
  8.2451E-01  2.7602E+00  5.5107E+00  7.1362E-01  7.1105E-01  5.0742E-01  7.0361E-04
  8.2929E-01  2.7762E+00  5.5107E+00  7.1362E-01  7.1105E-01  5.0742E-01  7.0769E-04
  8.3407E-01  2.7922E+00  5.5107E+00  7.1362E-01  7.1105E-01  5.0742E-01  7.1177E-04
  8.3895E-01  2.8086E+00  5.5107E+00  7.1362E-01  7.1105E-01  5.0742E-01  7.1593E-04
  8.4373E-01  2.8246E+00  5.5107E+00  7.1362E-01  7.1105E-01  5.0742E-01  7.2001E-04
  8.4851E-01  2.8406E+00  5.5107E+00  7.1362E-01  7.1105E-01  5.0742E-01  7.2409E-04
  8.5329E-01  2.8566E+00  5.5107E+00  7.1362E-01  7.1105E-01  5.0742E-01  7.2817E-04
  8.5807E-01  2.8726E+00  5.5107E+00  7.1362E-01  7.1105E-01  5.0742E-01  7.3225E-04
  8.6285E-01  2.8886E+00  5.5107E+00  7.1362E-01  7.1105E-01  5.0742E-01  7.3632E-04
  8.6763E-01  2.9046E+00  5.5107E+00  7.1362E-01  7.1105E-01  5.0742E-01  7.4040E-04
  8.7251E-01  2.9209E+00  5.5107E+00  7.1362E-01  7.1105E-01  5.0742E-01  7.4457E-04
  8.7729E-01  2.9369E+00  5.5107E+00  7.1362E-01  7.1105E-01  5.0742E-01  7.4865E-04
  8.8207E-01  2.9529E+00  5.5107E+00  7.1362E-01  7.1105E-01  5.0742E-01  7.5273E-04
  8.8685E-01  2.9689E+00  5.5107E+00  7.1362E-01  7.1105E-01  5.0742E-01  7.5680E-04
  8.9163E-01  2.9849E+00  5.5107E+00  7.1362E-01  7.1105E-01  5.0742E-01  7.6088E-04
  8.9640E-01  3.0009E+00  5.5107E+00  7.1362E-01  7.1105E-01  5.0742E-01  7.6496E-04
  9.0118E-01  3.0169E+00  5.5107E+00  7.1362E-01  7.1105E-01  5.0742E-01  7.6904E-04
  9.0607E-01  3.0333E+00  5.5107E+00  7.1362E-01  7.1105E-01  5.0742E-01  7.7321E-04
  9.1085E-01  3.0493E+00  5.5107E+00  7.1362E-01  7.1105E-01  5.0742E-01  7.7728E-04
  9.1562E-01  3.0653E+00  5.5107E+00  7.1362E-01  7.1105E-01  5.0742E-01  7.8136E-04
  9.2040E-01  3.0813E+00  5.5107E+00  7.1362E-01  7.1105E-01  5.0742E-01  7.8544E-04
  9.2518E-01  3.0973E+00  5.5107E+00  7.1362E-01  7.1105E-01  5.0742E-01  7.8952E-04
  9.2996E-01  3.1133E+00  5.5107E+00  7.1362E-01  7.1105E-01  5.0742E-01  7.9360E-04
  9.3474E-01  3.1293E+00  5.5107E+00  7.1362E-01  7.1105E-01  5.0742E-01  7.9768E-04
  9.3962E-01  3.1456E+00  5.5107E+00  7.1362E-01  7.1105E-01  5.0742E-01  8.0184E-04
  9.4440E-01  3.1616E+00  5.5107E+00  7.1362E-01  7.1105E-01  5.0742E-01  8.0592E-04
  9.4918E-01  3.1776E+00  5.5107E+00  7.1362E-01  7.1105E-01  5.0742E-01  8.1000E-04
  9.5396E-01  3.1936E+00  5.5107E+00  7.1362E-01  7.1105E-01  5.0742E-01  8.1408E-04
  9.5874E-01  3.2096E+00  5.5107E+00  7.1362E-01  7.1105E-01  5.0742E-01  8.1816E-04
  9.6352E-01  3.2256E+00  5.5107E+00  7.1362E-01  7.1105E-01  5.0742E-01  8.2224E-04
  9.6830E-01  3.2416E+00  5.5107E+00  7.1362E-01  7.1105E-01  5.0742E-01  8.2631E-04
  9.7318E-01  3.2579E+00  5.5107E+00  7.1362E-01  7.1105E-01  5.0742E-01  8.3048E-04
  9.7796E-01  3.2739E+00  5.5107E+00  7.1362E-01  7.1105E-01  5.0742E-01  8.3456E-04
  9.8274E-01  3.2899E+00  5.5107E+00  7.1362E-01  7.1105E-01  5.0742E-01  8.3864E-04
  9.8752E-01  3.3059E+00  5.5107E+00  7.1362E-01  7.1105E-01  5.0742E-01  8.4272E-04
  9.9230E-01  3.3219E+00  5.5107E+00  7.1362E-01  7.1105E-01  5.0742E-01  8.4679E-04
  9.9708E-01  3.3379E+00  5.5107E+00  7.1362E-01  7.1105E-01  5.0742E-01  8.5087E-04
  1.0000E+00  3.3477E+00  5.5107E+00  7.1362E-01  7.1105E-01  5.0742E-01  8.5337E-04
  1.0019E+00  3.3542E+00  5.5107E+00  7.1362E-01  7.1105E-01  5.0742E-01  8.5503E-04
  1.0067E+00  3.3702E+00  5.5107E+00  7.1362E-01  7.1105E-01  5.0742E-01  8.5911E-04
  1.0115E+00  3.3862E+00  5.5107E+00  7.1362E-01  7.1105E-01  5.0742E-01  8.6318E-04
  1.0163E+00  3.4022E+00  5.5107E+00  7.1362E-01  7.1105E-01  5.0742E-01  8.6726E-04
  1.0211E+00  3.4182E+00  5.5107E+00  7.1362E-01  7.1105E-01  5.0742E-01  8.7134E-04
  1.0258E+00  3.4342E+00  5.5107E+00  7.1362E-01  7.1105E-01  5.0742E-01  8.7542E-04
  1.0306E+00  3.4502E+00  5.5107E+00  7.1362E-01  7.1105E-01  5.0742E-01  8.7950E-04
  1.0355E+00  3.4666E+00  5.5107E+00  7.1362E-01  7.1105E-01  5.0742E-01  8.8366E-04
  1.0403E+00  3.4826E+00  5.5107E+00  7.1362E-01  7.1105E-01  5.0742E-01  8.8774E-04
  1.0451E+00  3.4986E+00  5.5107E+00  7.1362E-01  7.1105E-01  5.0742E-01  8.9182E-04
  1.0498E+00  3.5146E+00  5.5107E+00  7.1362E-01  7.1105E-01  5.0742E-01  8.9590E-04
  1.0546E+00  3.5306E+00  5.5107E+00  7.1362E-01  7.1105E-01  5.0742E-01  8.9998E-04
  1.0594E+00  3.5466E+00  5.5107E+00  7.1362E-01  7.1105E-01  5.0742E-01  9.0406E-04
  1.0642E+00  3.5626E+00  5.5107E+00  7.1362E-01  7.1105E-01  5.0742E-01  9.0814E-04
  1.0691E+00  3.5789E+00  5.5107E+00  7.1362E-01  7.1105E-01  5.0742E-01  9.1230E-04
  1.0738E+00  3.5949E+00  5.5107E+00  7.1362E-01  7.1105E-01  5.0742E-01  9.1638E-04
  1.0786E+00  3.6109E+00  5.5107E+00  7.1362E-01  7.1105E-01  5.0742E-01  9.2046E-04
  1.0834E+00  3.6269E+00  5.5107E+00  7.1362E-01  7.1105E-01  5.0742E-01  9.2454E-04
  1.0882E+00  3.6429E+00  5.5107E+00  7.1362E-01  7.1105E-01  5.0742E-01  9.2862E-04
  1.0930E+00  3.6589E+00  5.5107E+00  7.1362E-01  7.1105E-01  5.0742E-01  9.3269E-04
  1.0977E+00  3.6749E+00  5.5107E+00  7.1362E-01  7.1105E-01  5.0742E-01  9.3677E-04
  1.1026E+00  3.6913E+00  5.5107E+00  7.1362E-01  7.1105E-01  5.0742E-01  9.4094E-04
  1.1074E+00  3.7073E+00  5.5107E+00  7.1362E-01  7.1105E-01  5.0742E-01  9.4502E-04
  1.1122E+00  3.7233E+00  5.5107E+00  7.1362E-01  7.1105E-01  5.0742E-01  9.4910E-04
  1.1170E+00  3.7393E+00  5.5107E+00  7.1362E-01  7.1105E-01  5.0742E-01  9.5317E-04
  1.1217E+00  3.7553E+00  5.5107E+00  7.1362E-01  7.1105E-01  5.0742E-01  9.5725E-04
  1.1265E+00  3.7713E+00  5.5107E+00  7.1362E-01  7.1105E-01  5.0742E-01  9.6133E-04
  1.1313E+00  3.7873E+00  5.5107E+00  7.1362E-01  7.1105E-01  5.0742E-01  9.6541E-04
  1.1362E+00  3.8036E+00  5.5107E+00  7.1362E-01  7.1105E-01  5.0742E-01  9.6958E-04
  1.1410E+00  3.8196E+00  5.5107E+00  7.1362E-01  7.1105E-01  5.0742E-01  9.7365E-04
  1.1457E+00  3.8356E+00  5.5107E+00  7.1362E-01  7.1105E-01  5.0742E-01  9.7773E-04
  1.1505E+00  3.8516E+00  5.5107E+00  7.1362E-01  7.1105E-01  5.0742E-01  9.8181E-04
  1.1553E+00  3.8676E+00  5.5107E+00  7.1362E-01  7.1105E-01  5.0742E-01  9.8589E-04
  1.1601E+00  3.8836E+00  5.5107E+00  7.1362E-01  7.1105E-01  5.0742E-01  9.8997E-04
  1.1649E+00  3.8996E+00  5.5107E+00  7.1362E-01  7.1105E-01  5.0742E-01  9.9405E-04
  1.1697E+00  3.9159E+00  5.5107E+00  7.1362E-01  7.1105E-01  5.0742E-01  9.9821E-04
  1.1745E+00  3.9319E+00  5.5107E+00  7.1362E-01  7.1105E-01  5.0742E-01  1.0023E-03
  1.1793E+00  3.9479E+00  5.5107E+00  7.1362E-01  7.1105E-01  5.0742E-01  1.0064E-03
  1.1841E+00  3.9639E+00  5.5107E+00  7.1362E-01  7.1105E-01  5.0742E-01  1.0104E-03
  1.1889E+00  3.9799E+00  5.5107E+00  7.1362E-01  7.1105E-01  5.0742E-01  1.0145E-03
  1.1936E+00  3.9959E+00  5.5107E+00  7.1362E-01  7.1105E-01  5.0742E-01  1.0186E-03
  1.1984E+00  4.0119E+00  5.5107E+00  7.1362E-01  7.1105E-01  5.0742E-01  1.0227E-03
  1.2033E+00  4.0283E+00  5.5107E+00  7.1362E-01  7.1105E-01  5.0742E-01  1.0268E-03
  1.2081E+00  4.0443E+00  5.5107E+00  7.1362E-01  7.1105E-01  5.0742E-01  1.0309E-03
  1.2129E+00  4.0603E+00  5.5107E+00  7.1362E-01  7.1105E-01  5.0742E-01  1.0350E-03
  1.2176E+00  4.0763E+00  5.5107E+00  7.1362E-01  7.1105E-01  5.0742E-01  1.0391E-03
  1.2224E+00  4.0923E+00  5.5107E+00  7.1362E-01  7.1105E-01  5.0742E-01  1.0432E-03
  1.2272E+00  4.1083E+00  5.5107E+00  7.1362E-01  7.1105E-01  5.0742E-01  1.0472E-03
  1.2320E+00  4.1243E+00  5.5107E+00  7.1362E-01  7.1105E-01  5.0742E-01  1.0513E-03
  1.2369E+00  4.1406E+00  5.5107E+00  7.1362E-01  7.1105E-01  5.0742E-01  1.0555E-03
  1.2416E+00  4.1566E+00  5.5107E+00  7.1362E-01  7.1105E-01  5.0742E-01  1.0596E-03
  1.2464E+00  4.1726E+00  5.5107E+00  7.1362E-01  7.1105E-01  5.0742E-01  1.0636E-03
  1.2512E+00  4.1886E+00  5.5107E+00  7.1362E-01  7.1105E-01  5.0742E-01  1.0677E-03
  1.2560E+00  4.2046E+00  5.5107E+00  7.1362E-01  7.1105E-01  5.0742E-01  1.0718E-03
  1.2607E+00  4.2206E+00  5.5107E+00  7.1362E-01  7.1105E-01  5.0742E-01  1.0759E-03
  1.2655E+00  4.2366E+00  5.5107E+00  7.1362E-01  7.1105E-01  5.0742E-01  1.0800E-03
  1.2704E+00  4.2530E+00  5.5107E+00  7.1362E-01  7.1105E-01  5.0742E-01  1.0841E-03
  1.2752E+00  4.2690E+00  5.5107E+00  7.1362E-01  7.1105E-01  5.0742E-01  1.0882E-03
  1.2800E+00  4.2850E+00  5.5107E+00  7.1362E-01  7.1105E-01  5.0742E-01  1.0923E-03
  1.2847E+00  4.3010E+00  5.5107E+00  7.1362E-01  7.1105E-01  5.0742E-01  1.0964E-03
  1.2895E+00  4.3170E+00  5.5107E+00  7.1362E-01  7.1105E-01  5.0742E-01  1.1004E-03
  1.2943E+00  4.3330E+00  5.5107E+00  7.1362E-01  7.1105E-01  5.0742E-01  1.1045E-03
  1.2991E+00  4.3490E+00  5.5107E+00  7.1362E-01  7.1105E-01  5.0742E-01  1.1086E-03
  1.3000E+00  4.3520E+00  5.5107E+00  7.1362E-01  7.1105E-01  5.0742E-01  1.1094E-03
  1.3040E+00  4.3653E+00  5.5107E+00  7.1362E-01  7.1105E-01  5.0742E-01  1.1128E-03
  1.3087E+00  4.3813E+00  5.5107E+00  7.1362E-01  7.1105E-01  5.0742E-01  1.1168E-03
  1.3135E+00  4.3973E+00  5.5107E+00  7.1362E-01  7.1105E-01  5.0742E-01  1.1209E-03
  1.3183E+00  4.4133E+00  5.5107E+00  7.1362E-01  7.1105E-01  5.0742E-01  1.1250E-03
  1.3231E+00  4.4293E+00  5.5107E+00  7.1362E-01  7.1105E-01  5.0742E-01  1.1291E-03
  1.3279E+00  4.4453E+00  5.5107E+00  7.1362E-01  7.1105E-01  5.0742E-01  1.1332E-03
  1.3326E+00  4.4613E+00  5.5107E+00  7.1362E-01  7.1105E-01  5.0742E-01  1.1372E-03
  1.3375E+00  4.4777E+00  5.5107E+00  7.1362E-01  7.1105E-01  5.0742E-01  1.1414E-03
  1.3423E+00  4.4937E+00  5.5107E+00  7.1362E-01  7.1105E-01  5.0742E-01  1.1455E-03
  1.3471E+00  4.5097E+00  5.5107E+00  7.1362E-01  7.1105E-01  5.0742E-01  1.1496E-03
  1.3519E+00  4.5257E+00  5.5107E+00  7.1362E-01  7.1105E-01  5.0742E-01  1.1536E-03
  1.3566E+00  4.5417E+00  5.5107E+00  7.1362E-01  7.1105E-01  5.0742E-01  1.1577E-03
  1.3614E+00  4.5577E+00  5.5107E+00  7.1362E-01  7.1105E-01  5.0742E-01  1.1618E-03
  1.3662E+00  4.5737E+00  5.5107E+00  7.1362E-01  7.1105E-01  5.0742E-01  1.1659E-03
  1.3711E+00  4.5900E+00  5.5107E+00  7.1362E-01  7.1105E-01  5.0742E-01  1.1700E-03
  1.3759E+00  4.6060E+00  5.5107E+00  7.1362E-01  7.1105E-01  5.0742E-01  1.1741E-03
  1.3806E+00  4.6220E+00  5.5107E+00  7.1362E-01  7.1105E-01  5.0742E-01  1.1782E-03
  1.3854E+00  4.6380E+00  5.5107E+00  7.1362E-01  7.1105E-01  5.0742E-01  1.1823E-03
  1.3902E+00  4.6540E+00  5.5107E+00  7.1362E-01  7.1105E-01  5.0742E-01  1.1864E-03
  1.3950E+00  4.6700E+00  5.5107E+00  7.1362E-01  7.1105E-01  5.0742E-01  1.1904E-03
  1.3998E+00  4.6860E+00  5.5107E+00  7.1362E-01  7.1105E-01  5.0742E-01  1.1945E-03
  1.4046E+00  4.7023E+00  5.5107E+00  7.1362E-01  7.1105E-01  5.0742E-01  1.1987E-03
  1.4094E+00  4.7183E+00  5.5107E+00  7.1362E-01  7.1105E-01  5.0742E-01  1.2028E-03
  1.4142E+00  4.7343E+00  5.5107E+00  7.1362E-01  7.1105E-01  5.0742E-01  1.2068E-03
  1.4190E+00  4.7503E+00  5.5107E+00  7.1362E-01  7.1105E-01  5.0742E-01  1.2109E-03
  1.4238E+00  4.7663E+00  5.5107E+00  7.1362E-01  7.1105E-01  5.0742E-01  1.2150E-03
  1.4285E+00  4.7823E+00  5.5107E+00  7.1362E-01  7.1105E-01  5.0742E-01  1.2191E-03
  1.4333E+00  4.7983E+00  5.5107E+00  7.1362E-01  7.1105E-01  5.0742E-01  1.2231E-03
  1.4382E+00  4.8147E+00  5.5107E+00  7.1362E-01  7.1105E-01  5.0742E-01  1.2273E-03
  1.4430E+00  4.8307E+00  5.5107E+00  7.1362E-01  7.1105E-01  5.0742E-01  1.2314E-03
  1.4478E+00  4.8467E+00  5.5107E+00  7.1362E-01  7.1105E-01  5.0742E-01  1.2355E-03
  1.4525E+00  4.8627E+00  5.5107E+00  7.1362E-01  7.1105E-01  5.0742E-01  1.2395E-03
  1.4573E+00  4.8787E+00  5.5107E+00  7.1362E-01  7.1105E-01  5.0742E-01  1.2436E-03
  1.4621E+00  4.8947E+00  5.5107E+00  7.1362E-01  7.1105E-01  5.0742E-01  1.2477E-03
  1.4669E+00  4.9107E+00  5.5107E+00  7.1362E-01  7.1105E-01  5.0742E-01  1.2518E-03
  1.4718E+00  4.9270E+00  5.5107E+00  7.1362E-01  7.1105E-01  5.0742E-01  1.2559E-03
  1.4765E+00  4.9430E+00  5.5107E+00  7.1362E-01  7.1105E-01  5.0742E-01  1.2600E-03
  1.4813E+00  4.9590E+00  5.5107E+00  7.1362E-01  7.1105E-01  5.0742E-01  1.2641E-03
  1.4861E+00  4.9750E+00  5.5107E+00  7.1362E-01  7.1105E-01  5.0742E-01  1.2682E-03
  1.4909E+00  4.9910E+00  5.5107E+00  7.1362E-01  7.1105E-01  5.0742E-01  1.2723E-03
  1.4957E+00  5.0070E+00  5.5107E+00  7.1362E-01  7.1105E-01  5.0742E-01  1.2763E-03
  1.5004E+00  5.0230E+00  5.5107E+00  7.1362E-01  7.1105E-01  5.0742E-01  1.2804E-03
  1.5053E+00  5.0394E+00  5.5107E+00  7.1362E-01  7.1105E-01  5.0742E-01  1.2846E-03
  1.5101E+00  5.0554E+00  5.5107E+00  7.1362E-01  7.1105E-01  5.0742E-01  1.2887E-03
  1.5149E+00  5.0714E+00  5.5107E+00  7.1362E-01  7.1105E-01  5.0742E-01  1.2927E-03
  1.5197E+00  5.0874E+00  5.5107E+00  7.1362E-01  7.1105E-01  5.0742E-01  1.2968E-03
  1.5244E+00  5.1034E+00  5.5107E+00  7.1362E-01  7.1105E-01  5.0742E-01  1.3009E-03
  1.5292E+00  5.1194E+00  5.5107E+00  7.1362E-01  7.1105E-01  5.0742E-01  1.3050E-03
  1.5340E+00  5.1354E+00  5.5107E+00  7.1362E-01  7.1105E-01  5.0742E-01  1.3091E-03
  1.5389E+00  5.1517E+00  5.5107E+00  7.1362E-01  7.1105E-01  5.0742E-01  1.3132E-03
  1.5437E+00  5.1677E+00  5.5107E+00  7.1362E-01  7.1105E-01  5.0742E-01  1.3173E-03
  1.5484E+00  5.1837E+00  5.5107E+00  7.1362E-01  7.1105E-01  5.0742E-01  1.3214E-03
  1.5532E+00  5.1997E+00  5.5107E+00  7.1362E-01  7.1105E-01  5.0742E-01  1.3255E-03
  1.5580E+00  5.2157E+00  5.5107E+00  7.1362E-01  7.1105E-01  5.0742E-01  1.3295E-03
  1.5628E+00  5.2317E+00  5.5107E+00  7.1362E-01  7.1105E-01  5.0741E-01  1.3336E-03
  1.5676E+00  5.2477E+00  5.5107E+00  7.1362E-01  7.1105E-01  5.0741E-01  1.3377E-03
  1.5724E+00  5.2641E+00  5.5107E+00  7.1362E-01  7.1105E-01  5.0741E-01  1.3419E-03
  1.5772E+00  5.2801E+00  5.5107E+00  7.1362E-01  7.1105E-01  5.0741E-01  1.3459E-03
  1.5820E+00  5.2961E+00  5.5107E+00  7.1362E-01  7.1105E-01  5.0741E-01  1.3500E-03
  1.5868E+00  5.3121E+00  5.5107E+00  7.1362E-01  7.1105E-01  5.0741E-01  1.3541E-03
  1.5915E+00  5.3281E+00  5.5107E+00  7.1362E-01  7.1105E-01  5.0741E-01  1.3582E-03
  1.5963E+00  5.3441E+00  5.5107E+00  7.1362E-01  7.1105E-01  5.0741E-01  1.3623E-03
  1.5999E+00  5.3561E+00  5.5107E+00  7.1362E-01  7.1105E-01  5.0741E-01  1.3653E-03
  1.6011E+00  5.3601E+00  5.5107E+00  7.1362E-01  7.1105E-01  5.0741E-01  1.3664E-03
  1.6060E+00  5.3764E+00  5.5107E+00  7.1361E-01  7.1105E-01  5.0741E-01  1.3705E-03
  1.6108E+00  5.3924E+00  5.5107E+00  7.1361E-01  7.1105E-01  5.0741E-01  1.3746E-03
  1.6155E+00  5.4084E+00  5.5107E+00  7.1361E-01  7.1105E-01  5.0741E-01  1.3787E-03
  1.6203E+00  5.4244E+00  5.5107E+00  7.1361E-01  7.1105E-01  5.0741E-01  1.3828E-03
  1.6251E+00  5.4404E+00  5.5107E+00  7.1361E-01  7.1105E-01  5.0741E-01  1.3869E-03
  1.6299E+00  5.4564E+00  5.5107E+00  7.1360E-01  7.1105E-01  5.0740E-01  1.3910E-03
  1.6347E+00  5.4724E+00  5.5107E+00  7.1360E-01  7.1105E-01  5.0740E-01  1.3951E-03
  1.6395E+00  5.4887E+00  5.5107E+00  7.1359E-01  7.1105E-01  5.0739E-01  1.3993E-03
  1.6443E+00  5.5047E+00  5.5107E+00  7.1358E-01  7.1105E-01  5.0739E-01  1.4035E-03
  1.6491E+00  5.5207E+00  5.5107E+00  7.1357E-01  7.1105E-01  5.0738E-01  1.4076E-03
  1.6500E+00  5.5237E+00  5.5107E+00  7.1357E-01  7.1105E-01  5.0738E-01  1.4084E-03
  1.6539E+00  5.5367E+00  5.5107E+00  7.1356E-01  7.1105E-01  5.0737E-01  1.4118E-03
  1.6587E+00  5.5527E+00  5.5107E+00  7.1354E-01  7.1105E-01  5.0736E-01  1.4160E-03
  1.6634E+00  5.5687E+00  5.5107E+00  7.1352E-01  7.1105E-01  5.0735E-01  1.4202E-03
  1.6682E+00  5.5847E+00  5.5107E+00  7.1349E-01  7.1105E-01  5.0733E-01  1.4244E-03
  1.6731E+00  5.6011E+00  5.5107E+00  7.1346E-01  7.1105E-01  5.0730E-01  1.4288E-03
  1.6779E+00  5.6171E+00  5.5107E+00  7.1342E-01  7.1105E-01  5.0727E-01  1.4332E-03
  1.6827E+00  5.6331E+00  5.5107E+00  7.1336E-01  7.1105E-01  5.0723E-01  1.4377E-03
  1.6874E+00  5.6491E+00  5.5107E+00  7.1330E-01  7.1105E-01  5.0719E-01  1.4422E-03
  1.6922E+00  5.6651E+00  5.5107E+00  7.1322E-01  7.1105E-01  5.0713E-01  1.4468E-03
  1.6970E+00  5.6811E+00  5.5107E+00  7.1312E-01  7.1105E-01  5.0706E-01  1.4517E-03
  1.7000E+00  5.6911E+00  5.5107E+00  7.1304E-01  7.1105E-01  5.0700E-01  1.4547E-03
  1.7019E+00  5.6974E+00  5.5107E+00  7.1299E-01  7.1105E-01  5.0697E-01  1.4567E-03
  1.7066E+00  5.7134E+00  5.5107E+00  7.1284E-01  7.1105E-01  5.0686E-01  1.4619E-03
  1.7114E+00  5.7294E+00  5.5107E+00  7.1267E-01  7.1105E-01  5.0674E-01  1.4674E-03
  1.7162E+00  5.7454E+00  5.5107E+00  7.1245E-01  7.1105E-01  5.0659E-01  1.4732E-03
  1.7210E+00  5.7614E+00  5.5107E+00  7.1220E-01  7.1105E-01  5.0641E-01  1.4793E-03
  1.7258E+00  5.7778E+00  5.5107E+00  7.1190E-01  7.1105E-01  5.0619E-01  1.4861E-03
  1.7306E+00  5.7938E+00  5.5107E+00  7.1155E-01  7.1105E-01  5.0594E-01  1.4932E-03
  1.7354E+00  5.8098E+00  5.5107E+00  7.1114E-01  7.1105E-01  5.0565E-01  1.5009E-03
  1.7401E+00  5.8258E+00  5.5107E+00  7.1067E-01  7.1105E-01  5.0531E-01  1.5093E-03
  1.7450E+00  5.8422E+00  5.5107E+00  7.1010E-01  7.1105E-01  5.0492E-01  1.5189E-03
  1.7498E+00  5.8582E+00  5.5107E+00  7.0948E-01  7.1105E-01  5.0447E-01  1.5291E-03
  1.7500E+00  5.8590E+00  5.5107E+00  7.0944E-01  7.1105E-01  5.0444E-01  1.5297E-03
  1.7546E+00  5.8745E+00  5.5107E+00  7.0874E-01  7.1105E-01  5.0395E-01  1.5407E-03
  1.7593E+00  5.8905E+00  5.5107E+00  7.0792E-01  7.1105E-01  5.0336E-01  1.5533E-03
  1.7642E+00  5.9069E+00  5.5107E+00  7.0697E-01  7.1105E-01  5.0269E-01  1.5677E-03
  1.7689E+00  5.9229E+00  5.5107E+00  7.0593E-01  7.1105E-01  5.0194E-01  1.5835E-03
  1.7738E+00  5.9393E+00  5.5107E+00  7.0471E-01  7.1105E-01  5.0108E-01  1.6016E-03
  1.7785E+00  5.9553E+00  5.5107E+00  7.0339E-01  7.1105E-01  5.0014E-01  1.6214E-03
  1.7834E+00  5.9719E+00  5.5107E+00  7.0187E-01  7.1105E-01  4.9906E-01  1.6443E-03
  1.7881E+00  5.9879E+00  5.5107E+00  7.0024E-01  7.1105E-01  4.9790E-01  1.6692E-03
  1.7930E+00  6.0046E+00  5.5107E+00  6.9836E-01  7.1105E-01  4.9657E-01  1.6983E-03
  1.7977E+00  6.0210E+00  5.5107E+00  6.9634E-01  7.1105E-01  4.9513E-01  1.7303E-03
  1.8000E+00  6.0288E+00  5.5107E+00  6.9532E-01  7.1105E-01  4.9440E-01  1.7467E-03
  1.8025E+00  6.0375E+00  5.5107E+00  6.9413E-01  7.1105E-01  4.9355E-01  1.7663E-03
  1.8073E+00  6.0540E+00  5.5107E+00  6.9173E-01  7.1105E-01  4.9185E-01  1.8065E-03
  1.8121E+00  6.0706E+00  5.5107E+00  6.8915E-01  7.1105E-01  4.9001E-01  1.8515E-03
  1.8169E+00  6.0873E+00  5.5107E+00  6.8639E-01  7.1105E-01  4.8805E-01  1.9017E-03
  1.8217E+00  6.1040E+00  5.5107E+00  6.8345E-01  7.1105E-01  4.8596E-01  1.9575E-03
  1.8265E+00  6.1208E+00  5.5107E+00  6.8033E-01  7.1105E-01  4.8375E-01  2.0193E-03
  1.8313E+00  6.1377E+00  5.5107E+00  6.7704E-01  7.1105E-01  4.8141E-01  2.0878E-03
  1.8361E+00  6.1547E+00  5.5107E+00  6.7358E-01  7.1105E-01  4.7894E-01  2.1634E-03
  1.8409E+00  6.1717E+00  5.5107E+00  6.6995E-01  7.1105E-01  4.7637E-01  2.2464E-03
  1.8456E+00  6.1887E+00  5.5107E+00  6.6618E-01  7.1105E-01  4.7368E-01  2.3371E-03
  1.8500E+00  6.2044E+00  5.5107E+00  6.6256E-01  7.1105E-01  4.7110E-01  2.4281E-03
  1.8505E+00  6.2061E+00  5.5107E+00  6.6215E-01  7.1105E-01  4.7081E-01  2.4387E-03
  1.8553E+00  6.2235E+00  5.5107E+00  6.5798E-01  7.1105E-01  4.6785E-01  2.5488E-03
  1.8601E+00  6.2410E+00  5.5107E+00  6.5364E-01  7.1105E-01  4.6476E-01  2.6692E-03
  1.8649E+00  6.2586E+00  5.5107E+00  6.4912E-01  7.1105E-01  4.6155E-01  2.8007E-03
  1.8697E+00  6.2763E+00  5.5107E+00  6.4441E-01  7.1105E-01  4.5820E-01  2.9442E-03
  1.8745E+00  6.2942E+00  5.5107E+00  6.3951E-01  7.1105E-01  4.5472E-01  3.1006E-03
  1.8792E+00  6.3122E+00  5.5107E+00  6.3443E-01  7.1105E-01  4.5111E-01  3.2710E-03
  1.8800E+00  6.3150E+00  5.5107E+00  6.3361E-01  7.1105E-01  4.5052E-01  3.2991E-03
  1.8840E+00  6.3300E+00  5.5107E+00  6.2925E-01  7.1105E-01  4.4742E-01  3.4531E-03
  1.8888E+00  6.3487E+00  5.5107E+00  6.2368E-01  7.1105E-01  4.4346E-01  3.6583E-03
  1.8900E+00  6.3531E+00  5.5107E+00  6.2232E-01  7.1105E-01  4.4249E-01  3.7099E-03
  1.8936E+00  6.3671E+00  5.5107E+00  6.1801E-01  7.1105E-01  4.3943E-01  3.8775E-03
  1.8984E+00  6.3858E+00  5.5107E+00  6.1213E-01  7.1105E-01  4.3525E-01  4.1163E-03
  1.9000E+00  6.3918E+00  5.5107E+00  6.1021E-01  7.1105E-01  4.3388E-01  4.1967E-03
  1.9032E+00  6.4047E+00  5.5107E+00  6.0605E-01  7.1105E-01  4.3092E-01  4.3755E-03
  1.9080E+00  6.4237E+00  5.5107E+00  5.9978E-01  7.1105E-01  4.2646E-01  4.6562E-03
  1.9127E+00  6.4427E+00  5.5107E+00  5.9336E-01  7.1105E-01  4.2190E-01  4.9577E-03
  1.9176E+00  6.4626E+00  5.5107E+00  5.8651E-01  7.1105E-01  4.1702E-01  5.2967E-03
  1.9224E+00  6.4823E+00  5.5107E+00  5.7955E-01  7.1105E-01  4.1207E-01  5.6590E-03
  1.9272E+00  6.5023E+00  5.5107E+00  5.7237E-01  7.1105E-01  4.0697E-01  6.0527E-03
  1.9319E+00  6.5223E+00  5.5107E+00  5.6506E-01  7.1105E-01  4.0177E-01  6.4753E-03
  1.9368E+00  6.5433E+00  5.5107E+00  5.5728E-01  7.1105E-01  3.9623E-01  6.9501E-03
  1.9416E+00  6.5642E+00  5.5107E+00  5.4938E-01  7.1105E-01  3.9061E-01  7.4601E-03
  1.9463E+00  6.5852E+00  5.5107E+00  5.4133E-01  7.1105E-01  3.8489E-01  8.0099E-03
  1.9500E+00  6.6018E+00  5.5107E+00  5.3490E-01  7.1105E-01  3.8031E-01  8.4728E-03
  1.9511E+00  6.6068E+00  5.5107E+00  5.3295E-01  7.1105E-01  3.7892E-01  8.6172E-03
  1.9559E+00  6.6288E+00  5.5107E+00  5.2435E-01  7.1105E-01  3.7280E-01  9.2809E-03
  1.9607E+00  6.6515E+00  5.5107E+00  5.1543E-01  7.1105E-01  3.6646E-01  1.0015E-02
  1.9655E+00  6.6743E+00  5.5107E+00  5.0645E-01  7.1105E-01  3.6007E-01  1.0809E-02
  1.9703E+00  6.6973E+00  5.5107E+00  4.9750E-01  7.1105E-01  3.5370E-01  1.1662E-02
  1.9751E+00  6.7213E+00  5.5107E+00  4.8832E-01  7.1105E-01  3.4716E-01  1.2611E-02
  1.9799E+00  6.7459E+00  5.5107E+00  4.7916E-01  7.1105E-01  3.4064E-01  1.3642E-02
  1.9847E+00  6.7708E+00  5.5107E+00  4.7016E-01  7.1105E-01  3.3423E-01  1.4751E-02
  1.9894E+00  6.7958E+00  5.5107E+00  4.6143E-01  7.1105E-01  3.2802E-01  1.5927E-02
  1.9942E+00  6.8218E+00  5.5107E+00  4.5271E-01  7.1105E-01  3.2180E-01  1.7216E-02
  1.9991E+00  6.8488E+00  5.5107E+00  4.4401E-01  7.1105E-01  3.1560E-01  1.8623E-02
  2.0000E+00  6.8538E+00  5.5107E+00  4.4244E-01  7.1105E-01  3.1449E-01  1.8892E-02
  2.0039E+00  6.8758E+00  5.5107E+00  4.3569E-01  7.1105E-01  3.0967E-01  2.0100E-02
  2.0049E+00  6.8818E+00  5.5107E+00  4.3389E-01  7.1105E-01  3.0839E-01  2.0438E-02
  2.0087E+00  6.9036E+00  5.5107E+00  4.2751E-01  7.1105E-01  3.0383E-01  2.1692E-02
  2.0100E+00  6.9113E+00  5.5107E+00  4.2532E-01  7.1105E-01  3.0227E-01  2.2144E-02
  2.0134E+00  6.9313E+00  5.5107E+00  4.1976E-01  7.1105E-01  2.9831E-01  2.3343E-02
  2.0182E+00  6.9603E+00  5.5107E+00  4.1208E-01  7.1105E-01  2.9282E-01  2.5141E-02
  2.0200E+00  6.9710E+00  5.5107E+00  4.0936E-01  7.1105E-01  2.9088E-01  2.5820E-02
  2.0231E+00  6.9897E+00  5.5107E+00  4.0476E-01  7.1105E-01  2.8759E-01  2.7030E-02
  2.0279E+00  7.0194E+00  5.5107E+00  3.9789E-01  7.1105E-01  2.8268E-01  2.8989E-02
  2.0326E+00  7.0494E+00  5.5107E+00  3.9148E-01  7.1105E-01  2.7810E-01  3.1021E-02
  2.0374E+00  7.0794E+00  5.5107E+00  3.8567E-01  7.1105E-01  2.7393E-01  3.3088E-02
  2.0422E+00  7.1104E+00  5.5107E+00  3.8033E-01  7.1105E-01  2.7010E-01  3.5246E-02
  2.0470E+00  7.1414E+00  5.5107E+00  3.7570E-01  7.1105E-01  2.6677E-01  3.7410E-02
  2.0499E+00  7.1604E+00  5.5107E+00  3.7323E-01  7.1105E-01  2.6499E-01  3.8730E-02
  2.0518E+00  7.1724E+00  5.5107E+00  3.7182E-01  7.1105E-01  2.6397E-01  3.9559E-02
  2.0566E+00  7.2041E+00  5.5107E+00  3.6865E-01  7.1105E-01  2.6168E-01  4.1727E-02
  2.0613E+00  7.2351E+00  5.5107E+00  3.6636E-01  7.1105E-01  2.6000E-01  4.3792E-02
  2.0662E+00  7.2671E+00  5.5107E+00  3.6482E-01  7.1105E-01  2.5886E-01  4.5853E-02
  2.0710E+00  7.2990E+00  5.5107E+00  3.6412E-01  7.1105E-01  2.5832E-01  4.7821E-02
  2.0758E+00  7.3308E+00  5.5107E+00  3.6424E-01  7.1105E-01  2.5836E-01  4.9681E-02
  2.0806E+00  7.3627E+00  5.5107E+00  3.6518E-01  7.1105E-01  2.5898E-01  5.1431E-02
  2.0854E+00  7.3946E+00  5.5107E+00  3.6690E-01  7.1105E-01  2.6016E-01  5.3062E-02
  2.0902E+00  7.4266E+00  5.5107E+00  3.6940E-01  7.1105E-01  2.6188E-01  5.4567E-02
  2.0950E+00  7.4586E+00  5.5107E+00  3.7264E-01  7.1105E-01  2.6415E-01  5.5942E-02
  2.0998E+00  7.4905E+00  5.5107E+00  3.7662E-01  7.1105E-01  2.6692E-01  5.7185E-02
  2.0999E+00  7.4915E+00  5.5107E+00  3.7675E-01  7.1105E-01  2.6702E-01  5.7222E-02
  2.1046E+00  7.5225E+00  5.5107E+00  3.8128E-01  7.1105E-01  2.7019E-01  5.8296E-02
  2.1094E+00  7.5545E+00  5.5107E+00  3.8661E-01  7.1105E-01  2.7394E-01  5.9279E-02
  2.1141E+00  7.5865E+00  5.5107E+00  3.9257E-01  7.1105E-01  2.7813E-01  6.0139E-02
  2.1189E+00  7.6185E+00  5.5107E+00  3.9912E-01  7.1105E-01  2.8275E-01  6.0881E-02
  2.1237E+00  7.6505E+00  5.5107E+00  4.0625E-01  7.1105E-01  2.8778E-01  6.1514E-02
  2.1285E+00  7.6825E+00  5.5107E+00  4.1392E-01  7.1105E-01  2.9319E-01  6.2043E-02
  2.1333E+00  7.7145E+00  5.5107E+00  4.2209E-01  7.1105E-01  2.9896E-01  6.2479E-02
  2.1381E+00  7.7465E+00  5.5107E+00  4.3073E-01  7.1105E-01  3.0507E-01  6.2829E-02
  2.1428E+00  7.7785E+00  5.5107E+00  4.3983E-01  7.1105E-01  3.1150E-01  6.3101E-02
  2.1476E+00  7.8105E+00  5.5107E+00  4.4936E-01  7.1105E-01  3.1825E-01  6.3299E-02
  2.1524E+00  7.8425E+00  5.5107E+00  4.5934E-01  7.1105E-01  3.2531E-01  6.3421E-02
  2.1573E+00  7.8753E+00  5.5107E+00  4.6992E-01  7.1105E-01  3.3280E-01  6.3489E-02
  2.1621E+00  7.9073E+00  5.5107E+00  4.8061E-01  7.1105E-01  3.4037E-01  6.3508E-02
  2.1669E+00  7.9393E+00  5.5107E+00  4.9162E-01  7.1105E-01  3.4817E-01  6.3486E-02
  2.1716E+00  7.9713E+00  5.5107E+00  5.0292E-01  7.1105E-01  3.5617E-01  6.3427E-02
  2.1764E+00  8.0033E+00  5.5107E+00  5.1449E-01  7.1105E-01  3.6437E-01  6.3336E-02
  2.1812E+00  8.0353E+00  5.5107E+00  5.2633E-01  7.1105E-01  3.7276E-01  6.3219E-02
  2.1860E+00  8.0673E+00  5.5107E+00  5.3840E-01  7.1105E-01  3.8132E-01  6.3079E-02
  2.1908E+00  8.0993E+00  5.5107E+00  5.5070E-01  7.1105E-01  3.9004E-01  6.2919E-02
  2.1957E+00  8.1320E+00  5.5107E+00  5.6347E-01  7.1105E-01  3.9909E-01  6.2739E-02
  2.2000E+00  8.1610E+00  5.5107E+00  5.7498E-01  7.1105E-01  4.0725E-01  6.2567E-02
  2.2004E+00  8.1640E+00  5.5107E+00  5.7618E-01  7.1105E-01  4.0810E-01  6.2549E-02
  2.2052E+00  8.1960E+00  5.5107E+00  5.8907E-01  7.1105E-01  4.1724E-01  6.2347E-02
  2.2100E+00  8.2280E+00  5.5107E+00  6.0214E-01  7.1105E-01  4.2651E-01  6.2137E-02
  2.2148E+00  8.2600E+00  5.5107E+00  6.1536E-01  7.1105E-01  4.3589E-01  6.1919E-02
  2.2196E+00  8.2920E+00  5.5107E+00  6.2873E-01  7.1105E-01  4.4537E-01  6.1696E-02
  2.2243E+00  8.3240E+00  5.5107E+00  6.4225E-01  7.1105E-01  4.5496E-01  6.1469E-02
  2.2291E+00  8.3560E+00  5.5107E+00  6.5590E-01  7.1105E-01  4.6464E-01  6.1238E-02
  2.2340E+00  8.3886E+00  5.5107E+00  6.6996E-01  7.1105E-01  4.7462E-01  6.1001E-02
  2.2388E+00  8.4206E+00  5.5107E+00  6.8385E-01  7.1105E-01  4.8447E-01  6.0767E-02
  2.2436E+00  8.4526E+00  5.5107E+00  6.9785E-01  7.1105E-01  4.9440E-01  6.0534E-02
  2.2483E+00  8.4846E+00  5.5107E+00  7.1195E-01  7.1105E-01  5.0441E-01  6.0301E-02
  2.2500E+00  8.4956E+00  5.5107E+00  7.1683E-01  7.1105E-01  5.0786E-01  6.0221E-02
  2.2531E+00  8.5166E+00  5.5107E+00  7.2616E-01  7.1105E-01  5.1448E-01  6.0068E-02
  2.2579E+00  8.5486E+00  5.5107E+00  7.4045E-01  7.1105E-01  5.2462E-01  5.9838E-02
  2.2627E+00  8.5806E+00  5.5107E+00  7.5483E-01  7.1105E-01  5.3483E-01  5.9609E-02
  2.2675E+00  8.6126E+00  5.5107E+00  7.6929E-01  7.1105E-01  5.4509E-01  5.9383E-02
  2.2724E+00  8.6453E+00  5.5107E+00  7.8413E-01  7.1105E-01  5.5562E-01  5.9154E-02
  2.2771E+00  8.6773E+00  5.5107E+00  7.9874E-01  7.1105E-01  5.6599E-01  5.8933E-02
  2.2819E+00  8.7093E+00  5.5107E+00  8.1342E-01  7.1105E-01  5.7641E-01  5.8715E-02
  2.2867E+00  8.7413E+00  5.5107E+00  8.2817E-01  7.1105E-01  5.8687E-01  5.8500E-02
  2.2915E+00  8.7733E+00  5.5107E+00  8.4298E-01  7.1105E-01  5.9738E-01  5.8288E-02
  2.2963E+00  8.8053E+00  5.5107E+00  8.5784E-01  7.1105E-01  6.0793E-01  5.8080E-02
  2.3000E+00  8.8303E+00  5.5107E+00  8.6949E-01  7.1105E-01  6.1620E-01  5.7919E-02
  2.3010E+00  8.8373E+00  5.5107E+00  8.7276E-01  7.1105E-01  6.1851E-01  5.7875E-02
  2.3058E+00  8.8693E+00  5.5107E+00  8.8774E-01  7.1105E-01  6.2914E-01  5.7673E-02
  2.3107E+00  8.9020E+00  5.5107E+00  9.0308E-01  7.1105E-01  6.4003E-01  5.7471E-02
  2.3155E+00  8.9340E+00  5.5107E+00  9.1815E-01  7.1105E-01  6.5073E-01  5.7277E-02
  2.3200E+00  8.9640E+00  5.5107E+00  9.3232E-01  7.1105E-01  6.6078E-01  5.7098E-02
  2.3203E+00  8.9660E+00  5.5107E+00  9.3327E-01  7.1105E-01  6.6145E-01  5.7086E-02
  2.3251E+00  8.9980E+00  5.5107E+00  9.4843E-01  7.1105E-01  6.7221E-01  5.6898E-02
  2.3298E+00  9.0300E+00  5.5107E+00  9.6363E-01  7.1105E-01  6.8300E-01  5.6714E-02
  2.3346E+00  9.0620E+00  5.5107E+00  9.7887E-01  7.1105E-01  6.9382E-01  5.6534E-02
  2.3394E+00  9.0940E+00  5.5107E+00  9.9415E-01  7.1105E-01  7.0466E-01  5.6357E-02
  2.3442E+00  9.1260E+00  5.5107E+00  1.0095E+00  7.1105E-01  7.1553E-01  5.6183E-02
  2.3491E+00  9.1587E+00  5.5107E+00  1.0251E+00  7.1105E-01  7.2666E-01  5.6009E-02
  2.3500E+00  9.1647E+00  5.5107E+00  1.0280E+00  7.1105E-01  7.2870E-01  5.5978E-02
  2.3538E+00  9.1907E+00  5.5107E+00  1.0405E+00  7.1105E-01  7.3757E-01  5.5842E-02
  2.3586E+00  9.2227E+00  5.5107E+00  1.0559E+00  7.1105E-01  7.4851E-01  5.5678E-02
  2.3634E+00  9.2547E+00  5.5107E+00  1.0714E+00  7.1105E-01  7.5947E-01  5.5518E-02
  2.3682E+00  9.2867E+00  5.5107E+00  1.0868E+00  7.1105E-01  7.7045E-01  5.5360E-02
  2.3730E+00  9.3187E+00  5.5107E+00  1.1023E+00  7.1105E-01  7.8145E-01  5.5206E-02
  2.3777E+00  9.3507E+00  5.5107E+00  1.1179E+00  7.1105E-01  7.9247E-01  5.5054E-02
  2.3825E+00  9.3827E+00  5.5107E+00  1.1334E+00  7.1105E-01  8.0351E-01  5.4906E-02
  2.3874E+00  9.4153E+00  5.5107E+00  1.1493E+00  7.1105E-01  8.1479E-01  5.4757E-02
  2.3970E+00  9.4795E+00  5.5107E+00  1.1806E+00  7.1105E-01  8.3701E-01  5.4474E-02
