 -1.4624E-20  0.0000E+00  1.7204E-18  1.1894E+00  1.9823E-01  2.7683E+00  5.0867E-36
  4.7794E-03  1.6000E-02  1.7053E-18  1.1894E+00  1.9823E-01  2.7683E+00  1.5790E-04
  9.5588E-03  3.2000E-02  1.6969E-18  1.1894E+00  1.9823E-01  2.7683E+00  3.1580E-04
  1.4338E-02  4.8000E-02  1.6868E-18  1.1894E+00  1.9823E-01  2.7683E+00  4.7370E-04
  1.9118E-02  6.4000E-02  1.6835E-18  1.1894E+00  1.9823E-01  2.7683E+00  6.3160E-04
  2.3897E-02  8.0000E-02  1.7473E-18  1.1894E+00  1.9823E-01  2.7683E+00  7.8950E-04
  2.8676E-02  9.6000E-02  1.7406E-18  1.1894E+00  1.9823E-01  2.7683E+00  9.4739E-04
  3.3558E-02  1.1234E-01  1.7204E-18  1.1894E+00  1.9823E-01  2.7683E+00  1.1087E-03
  3.8337E-02  1.2834E-01  1.5659E-18  1.1894E+00  1.9823E-01  2.7683E+00  1.2666E-03
  4.3117E-02  1.4434E-01  1.6532E-18  1.1894E+00  1.9823E-01  2.7683E+00  1.4245E-03
  4.7896E-02  1.6034E-01  1.6263E-18  1.1894E+00  1.9823E-01  2.7683E+00  1.5823E-03
  5.2676E-02  1.7634E-01  1.6263E-18  1.1894E+00  1.9823E-01  2.7683E+00  1.7402E-03
  5.7455E-02  1.9234E-01  1.6263E-18  1.1894E+00  1.9823E-01  2.7683E+00  1.8981E-03
  6.2234E-02  2.0834E-01  1.7204E-18  1.1894E+00  1.9823E-01  2.7683E+00  2.0560E-03
  6.7116E-02  2.2469E-01  1.8280E-18  1.1894E+00  1.9823E-01  2.7683E+00  2.2172E-03
  7.1895E-02  2.4069E-01  2.0430E-18  1.1895E+00  1.9823E-01  2.7683E+00  2.3751E-03
  7.6675E-02  2.5669E-01  1.8280E-18  1.1895E+00  1.9823E-01  2.7683E+00  2.5330E-03
  8.1454E-02  2.7269E-01  1.5591E-18  1.1895E+00  1.9823E-01  2.7683E+00  2.6908E-03
  8.6234E-02  2.8869E-01  1.8145E-18  1.1895E+00  1.9823E-01  2.7683E+00  2.8487E-03
  9.1013E-02  3.0469E-01  1.8280E-18  1.1895E+00  1.9823E-01  2.7683E+00  3.0065E-03
  9.5792E-02  3.2069E-01  1.4785E-18  1.1895E+00  1.9823E-01  2.7683E+00  3.1644E-03
  1.0067E-01  3.3703E-01  1.3441E-18  1.1895E+00  1.9823E-01  2.7683E+00  3.3256E-03
  1.0545E-01  3.5303E-01  1.6935E-18  1.1895E+00  1.9823E-01  2.7683E+00  3.4834E-03
  1.1023E-01  3.6903E-01  1.4516E-18  1.1896E+00  1.9823E-01  2.7683E+00  3.6412E-03
  1.1501E-01  3.8503E-01  2.5269E-18  1.1896E+00  1.9823E-01  2.7683E+00  3.7991E-03
  1.1979E-01  4.0103E-01  8.0645E-19  1.1896E+00  1.9823E-01  2.7683E+00  3.9569E-03
  1.2457E-01  4.1703E-01  3.1183E-18  1.1896E+00  1.9823E-01  2.7683E+00  4.1147E-03
  1.2935E-01  4.3303E-01  8.6021E-19  1.1896E+00  1.9823E-01  2.7683E+00  4.2725E-03
  1.3423E-01  4.4937E-01  1.8548E-18  1.1897E+00  1.9823E-01  2.7683E+00  4.4336E-03
  1.3901E-01  4.6537E-01  1.5860E-18  1.1897E+00  1.9823E-01  2.7683E+00  4.5914E-03
  1.4379E-01  4.8137E-01  2.2312E-18  1.1897E+00  1.9823E-01  2.7683E+00  4.7492E-03
  1.4857E-01  4.9737E-01  2.5538E-18  1.1897E+00  1.9823E-01  2.7683E+00  4.9069E-03
  1.5335E-01  5.1337E-01  1.9086E-18  1.1898E+00  1.9823E-01  2.7683E+00  5.0647E-03
  1.5813E-01  5.2937E-01  1.1559E-18  1.1898E+00  1.9823E-01  2.7683E+00  5.2224E-03
  1.6291E-01  5.4537E-01  1.4785E-18  1.1898E+00  1.9823E-01  2.7683E+00  5.3802E-03
  1.6779E-01  5.6171E-01  1.9355E-18  1.1898E+00  1.9823E-01  2.7683E+00  5.5413E-03
  1.7257E-01  5.7771E-01  1.5054E-18  1.1899E+00  1.9823E-01  2.7683E+00  5.6990E-03
  1.7735E-01  5.9371E-01  2.2043E-18  1.1899E+00  1.9823E-01  2.7683E+00  5.8567E-03
  1.8213E-01  6.0971E-01  1.3978E-18  1.1899E+00  1.9823E-01  2.7683E+00  6.0144E-03
  1.8691E-01  6.2571E-01  1.8280E-18  1.1899E+00  1.9823E-01  2.7683E+00  6.1720E-03
  1.9169E-01  6.4171E-01  1.1828E-18  1.1900E+00  1.9823E-01  2.7683E+00  6.3297E-03
  1.9647E-01  6.5771E-01  1.8280E-18  1.1900E+00  1.9823E-01  2.7683E+00  6.4874E-03
  2.0135E-01  6.7406E-01  9.1398E-19  1.1900E+00  1.9823E-01  2.7683E+00  6.6484E-03
  2.0613E-01  6.9006E-01  1.7742E-18  1.1901E+00  1.9823E-01  2.7683E+00  6.8060E-03
  2.1091E-01  7.0606E-01  2.2581E-18  1.1901E+00  1.9823E-01  2.7683E+00  6.9636E-03
  2.1569E-01  7.2206E-01  9.1398E-19  1.1901E+00  1.9823E-01  2.7683E+00  7.1212E-03
  2.2047E-01  7.3806E-01  1.5054E-18  1.1902E+00  1.9823E-01  2.7683E+00  7.2788E-03
  2.2524E-01  7.5406E-01  2.6344E-18  1.1902E+00  1.9823E-01  2.7683E+00  7.4364E-03
  2.3002E-01  7.7006E-01  2.5806E-18  1.1902E+00  1.9823E-01  2.7683E+00  7.5939E-03
  2.3491E-01  7.8640E-01  2.5269E-18  1.1903E+00  1.9823E-01  2.7683E+00  7.7549E-03
  2.3969E-01  8.0240E-01  1.1290E-18  1.1903E+00  1.9823E-01  2.7683E+00  7.9124E-03
  2.4446E-01  8.1840E-01  2.2043E-18  1.1904E+00  1.9823E-01  2.7683E+00  8.0699E-03
  2.4924E-01  8.3440E-01  2.2043E-18  1.1904E+00  1.9823E-01  2.7683E+00  8.2274E-03
  2.5402E-01  8.5040E-01  1.7204E-18  1.1904E+00  1.9823E-01  2.7683E+00  8.3849E-03
  2.5880E-01  8.6640E-01  1.9892E-18  1.1905E+00  1.9823E-01  2.7683E+00  8.5424E-03
  2.6358E-01  8.8240E-01  1.7204E-18  1.1905E+00  1.9823E-01  2.7683E+00  8.6998E-03
  2.6846E-01  8.9874E-01  1.3978E-18  1.1906E+00  1.9823E-01  2.7683E+00  8.8606E-03
  2.7324E-01  9.1474E-01  1.3441E-18  1.1906E+00  1.9823E-01  2.7683E+00  9.0180E-03
  2.7802E-01  9.3074E-01  1.5591E-18  1.1906E+00  1.9823E-01  2.7683E+00  9.1754E-03
  2.8280E-01  9.4674E-01  2.4193E-18  1.1907E+00  1.9823E-01  2.7683E+00  9.3328E-03
  2.8758E-01  9.6274E-01  2.6882E-19  1.1907E+00  1.9823E-01  2.7683E+00  9.4902E-03
  2.9236E-01  9.7874E-01  1.9892E-18  1.1908E+00  1.9823E-01  2.7683E+00  9.6475E-03
  2.9714E-01  9.9474E-01  2.1505E-18  1.1908E+00  1.9823E-01  2.7683E+00  9.8049E-03
  3.0202E-01  1.0111E+00  2.2581E-18  1.1909E+00  1.9823E-01  2.7683E+00  9.9656E-03
  3.0680E-01  1.0271E+00  2.2581E-18  1.1909E+00  1.9823E-01  2.7683E+00  1.0123E-02
  3.1158E-01  1.0431E+00 -7.5269E-19  1.1910E+00  1.9823E-01  2.7683E+00  1.0280E-02
  3.1636E-01  1.0591E+00  5.9140E-19  1.1910E+00  1.9823E-01  2.7683E+00  1.0437E-02
  3.2114E-01  1.0751E+00 -9.6774E-19  1.1911E+00  1.9823E-01  2.7683E+00  1.0595E-02
  3.2592E-01  1.0911E+00  2.2581E-18  1.1911E+00  1.9823E-01  2.7683E+00  1.0752E-02
  3.3070E-01  1.1071E+00  1.2903E-18  1.1912E+00  1.9823E-01  2.7683E+00  1.0909E-02
  3.3558E-01  1.1234E+00  1.7742E-18  1.1912E+00  1.9823E-01  2.7683E+00  1.1070E-02
  3.4036E-01  1.1394E+00  2.2043E-18  1.1913E+00  1.9823E-01  2.7683E+00  1.1227E-02
  3.4514E-01  1.1554E+00  1.5591E-18  1.1913E+00  1.9823E-01  2.7683E+00  1.1384E-02
  3.4992E-01  1.1714E+00 -1.0753E-18  1.1914E+00  1.9823E-01  2.7683E+00  1.1541E-02
  3.5470E-01  1.1874E+00  3.1183E-18  1.1914E+00  1.9823E-01  2.7683E+00  1.1698E-02
  3.5948E-01  1.2034E+00  1.0753E-18  1.1915E+00  1.9823E-01  2.7683E+00  1.1855E-02
  3.6426E-01  1.2194E+00  2.6882E-18  1.1916E+00  1.9823E-01  2.7683E+00  1.2012E-02
  3.6914E-01  1.2358E+00 -1.5054E-18  1.1916E+00  1.9823E-01  2.7683E+00  1.2173E-02
  3.7392E-01  1.2518E+00  9.6774E-19  1.1917E+00  1.9823E-01  2.7683E+00  1.2330E-02
  3.7870E-01  1.2678E+00  1.2903E-18  1.1917E+00  1.9823E-01  2.7683E+00  1.2487E-02
  3.8348E-01  1.2838E+00  2.2581E-18  1.1918E+00  1.9823E-01  2.7683E+00  1.2643E-02
  3.8826E-01  1.2998E+00  2.9032E-18  1.1919E+00  1.9823E-01  2.7683E+00  1.2800E-02
  3.9303E-01  1.3158E+00  1.6129E-18  1.1919E+00  1.9823E-01  2.7683E+00  1.2957E-02
  3.9781E-01  1.3318E+00 -1.0753E-19  1.1920E+00  1.9823E-01  2.7683E+00  1.3114E-02
  4.0270E-01  1.3481E+00  1.1828E-18  1.1920E+00  1.9823E-01  2.7683E+00  1.3274E-02
  4.0748E-01  1.3641E+00  2.0430E-18  1.1921E+00  1.9823E-01  2.7683E+00  1.3431E-02
  4.1225E-01  1.3801E+00 -1.0753E-19  1.1922E+00  1.9823E-01  2.7683E+00  1.3588E-02
  4.1703E-01  1.3961E+00  3.9785E-18  1.1922E+00  1.9823E-01  2.7683E+00  1.3745E-02
  4.2181E-01  1.4121E+00  2.0430E-18  1.1923E+00  1.9823E-01  2.7683E+00  1.3902E-02
  4.2659E-01  1.4281E+00  2.2581E-18  1.1924E+00  1.9823E-01  2.7683E+00  1.4058E-02
  4.3137E-01  1.4441E+00  7.5269E-19  1.1924E+00  1.9823E-01  2.7683E+00  1.4215E-02
  4.3625E-01  1.4605E+00  1.6129E-18  1.1925E+00  1.9823E-01  2.7683E+00  1.4375E-02
  4.4103E-01  1.4765E+00  1.2903E-18  1.1926E+00  1.9823E-01  2.7683E+00  1.4532E-02
  4.4581E-01  1.4925E+00 -5.3763E-19  1.1926E+00  1.9823E-01  2.7683E+00  1.4688E-02
  4.5059E-01  1.5085E+00  2.1505E-18  1.1927E+00  1.9823E-01  2.7683E+00  1.4845E-02
  4.5537E-01  1.5245E+00  1.6129E-18  1.1928E+00  1.9823E-01  2.7683E+00  1.5001E-02
  4.6015E-01  1.5405E+00 -1.1828E-18  1.1929E+00  1.9823E-01  2.7683E+00  1.5158E-02
  4.6493E-01  1.5565E+00 -1.0753E-19  1.1929E+00  1.9823E-01  2.7683E+00  1.5314E-02
  4.6981E-01  1.5728E+00  1.7204E-18  1.1930E+00  1.9823E-01  2.7683E+00  1.5474E-02
  4.7459E-01  1.5888E+00  9.6774E-19  1.1931E+00  1.9823E-01  2.7683E+00  1.5631E-02
  4.7937E-01  1.6048E+00 -2.0430E-18  1.1932E+00  1.9823E-01  2.7683E+00  1.5787E-02
  4.8415E-01  1.6208E+00  4.1935E-18  1.1932E+00  1.9823E-01  2.7683E+00  1.5943E-02
  4.8893E-01  1.6368E+00  2.0430E-18  1.1933E+00  1.9823E-01  2.7683E+00  1.6100E-02
  4.9371E-01  1.6528E+00  1.2903E-18  1.1934E+00  1.9823E-01  2.7683E+00  1.6256E-02
  4.9849E-01  1.6688E+00  9.6774E-19  1.1935E+00  1.9823E-01  2.7683E+00  1.6412E-02
  4.9998E-01  1.6738E+00  1.2903E-18  1.1935E+00  1.9823E-01  2.7683E+00  1.6461E-02
  5.0337E-01  1.6851E+00  1.2903E-18  1.1935E+00  1.9823E-01  2.7683E+00  1.6572E-02
  5.0815E-01  1.7011E+00  3.4409E-18  1.1936E+00  1.9823E-01  2.7683E+00  1.6728E-02
  5.1293E-01  1.7171E+00  1.9355E-18  1.1937E+00  1.9823E-01  2.7683E+00  1.6885E-02
  5.1771E-01  1.7331E+00  4.1935E-18  1.1938E+00  1.9823E-01  2.7683E+00  1.7041E-02
  5.2249E-01  1.7491E+00  2.1505E-19  1.1939E+00  1.9823E-01  2.7683E+00  1.7197E-02
  5.2727E-01  1.7651E+00  1.1828E-18  1.1939E+00  1.9823E-01  2.7683E+00  1.7353E-02
  5.3205E-01  1.7811E+00  1.7204E-18  1.1940E+00  1.9823E-01  2.7683E+00  1.7509E-02
  5.3693E-01  1.7975E+00  4.0860E-18  1.1941E+00  1.9823E-01  2.7683E+00  1.7668E-02
  5.4171E-01  1.8135E+00 -2.4731E-18  1.1942E+00  1.9823E-01  2.7683E+00  1.7824E-02
  5.4649E-01  1.8295E+00  2.1505E-18  1.1943E+00  1.9823E-01  2.7683E+00  1.7980E-02
  5.5127E-01  1.8455E+00  5.6989E-18  1.1944E+00  1.9823E-01  2.7683E+00  1.8136E-02
  5.5605E-01  1.8615E+00  0.0000E+00  1.1945E+00  1.9823E-01  2.7683E+00  1.8292E-02
  5.6082E-01  1.8775E+00  3.3333E-18  1.1945E+00  1.9823E-01  2.7683E+00  1.8448E-02
  5.6560E-01  1.8935E+00  3.5484E-18  1.1946E+00  1.9823E-01  2.7683E+00  1.8604E-02
  5.7049E-01  1.9098E+00  2.7957E-18  1.1947E+00  1.9823E-01  2.7683E+00  1.8763E-02
  5.7527E-01  1.9258E+00  3.7634E-18  1.1948E+00  1.9823E-01  2.7683E+00  1.8919E-02
  5.8004E-01  1.9418E+00  3.2258E-18  1.1949E+00  1.9823E-01  2.7683E+00  1.9075E-02
  5.8482E-01  1.9578E+00 -4.4086E-18  1.1950E+00  1.9823E-01  2.7683E+00  1.9230E-02
  5.8960E-01  1.9738E+00  1.9355E-18  1.1951E+00  1.9823E-01  2.7683E+00  1.9386E-02
  5.9438E-01  1.9898E+00  8.6021E-18  1.1952E+00  1.9823E-01  2.7683E+00  1.9542E-02
  5.9916E-01  2.0058E+00  1.0753E-19  1.1953E+00  1.9823E-01  2.7683E+00  1.9697E-02
  6.0404E-01  2.0222E+00  2.9032E-18  1.1954E+00  1.9823E-01  2.7683E+00  1.9856E-02
  6.0882E-01  2.0382E+00  8.6021E-19  1.1955E+00  1.9823E-01  2.7683E+00  2.0011E-02
  6.1360E-01  2.0542E+00  2.1505E-19  1.1956E+00  1.9823E-01  2.7683E+00  2.0167E-02
  6.1838E-01  2.0702E+00  2.5806E-18  1.1957E+00  1.9823E-01  2.7683E+00  2.0322E-02
  6.2316E-01  2.0862E+00  3.8710E-18  1.1958E+00  1.9823E-01  2.7683E+00  2.0478E-02
  6.2794E-01  2.1022E+00  5.5914E-18  1.1959E+00  1.9823E-01  2.7683E+00  2.0633E-02
  6.3272E-01  2.1182E+00  3.2258E-18  1.1960E+00  1.9823E-01  2.7683E+00  2.0788E-02
  6.3760E-01  2.1345E+00  4.1935E-18  1.1961E+00  1.9823E-01  2.7683E+00  2.0947E-02
  6.4238E-01  2.1505E+00  1.3978E-18  1.1962E+00  1.9823E-01  2.7683E+00  2.1102E-02
  6.4716E-01  2.1665E+00  2.9032E-18  1.1963E+00  1.9823E-01  2.7683E+00  2.1258E-02
  6.5194E-01  2.1825E+00  2.6882E-18  1.1964E+00  1.9823E-01  2.7683E+00  2.1413E-02
  6.5672E-01  2.1985E+00 -3.2258E-19  1.1965E+00  1.9823E-01  2.7683E+00  2.1568E-02
  6.6150E-01  2.2145E+00  1.3978E-18  1.1966E+00  1.9823E-01  2.7683E+00  2.1723E-02
  6.6628E-01  2.2305E+00  1.6129E-18  1.1967E+00  1.9823E-01  2.7683E+00  2.1878E-02
  6.7116E-01  2.2469E+00  2.1505E-18  1.1968E+00  1.9823E-01  2.7683E+00  2.2036E-02
  6.7594E-01  2.2629E+00 -2.3656E-18  1.1969E+00  1.9823E-01  2.7683E+00  2.2191E-02
  6.8072E-01  2.2789E+00 -2.1505E-19  1.1970E+00  1.9823E-01  2.7683E+00  2.2346E-02
  6.8550E-01  2.2949E+00  3.6559E-18  1.1971E+00  1.9823E-01  2.7683E+00  2.2501E-02
  6.9028E-01  2.3109E+00  2.1505E-18  1.1972E+00  1.9823E-01  2.7683E+00  2.2656E-02
  6.9506E-01  2.3269E+00  4.9462E-18  1.1973E+00  1.9823E-01  2.7683E+00  2.2811E-02
  6.9984E-01  2.3429E+00  3.0107E-18  1.1974E+00  1.9823E-01  2.7683E+00  2.2965E-02
  7.0472E-01  2.3592E+00  8.6021E-19  1.1975E+00  1.9823E-01  2.7683E+00  2.3123E-02
  7.0950E-01  2.3752E+00  2.1505E-19  1.1977E+00  1.9823E-01  2.7683E+00  2.3278E-02
  7.1428E-01  2.3912E+00  8.6021E-19  1.1978E+00  1.9823E-01  2.7683E+00  2.3433E-02
  7.1906E-01  2.4072E+00  1.9355E-18  1.1979E+00  1.9823E-01  2.7683E+00  2.3587E-02
  7.2384E-01  2.4232E+00  3.4409E-18  1.1980E+00  1.9823E-01  2.7683E+00  2.3742E-02
  7.2861E-01  2.4392E+00  4.5161E-18  1.1981E+00  1.9823E-01  2.7683E+00  2.3896E-02
  7.3339E-01  2.4552E+00  4.7312E-18  1.1982E+00  1.9823E-01  2.7683E+00  2.4051E-02
  7.3828E-01  2.4715E+00  1.0753E-18  1.1983E+00  1.9823E-01  2.7683E+00  2.4209E-02
  7.4306E-01  2.4875E+00 -2.5806E-18  1.1985E+00  1.9823E-01  2.7683E+00  2.4363E-02
  7.4783E-01  2.5035E+00 -3.6559E-18  1.1986E+00  1.9823E-01  2.7683E+00  2.4517E-02
  7.5261E-01  2.5195E+00  3.4409E-18  1.1987E+00  1.9823E-01  2.7683E+00  2.4671E-02
  7.5739E-01  2.5355E+00 -3.2258E-18  1.1988E+00  1.9823E-01  2.7683E+00  2.4826E-02
  7.6217E-01  2.5515E+00  2.1505E-18  1.1989E+00  1.9823E-01  2.7683E+00  2.4980E-02
  7.6695E-01  2.5675E+00  2.7957E-18  1.1990E+00  1.9823E-01  2.7683E+00  2.5134E-02
  7.7183E-01  2.5839E+00 -2.1505E-19  1.1992E+00  1.9823E-01  2.7683E+00  2.5291E-02
  7.7661E-01  2.5999E+00  5.5914E-18  1.1993E+00  1.9823E-01  2.7683E+00  2.5445E-02
  7.8139E-01  2.6159E+00  2.3656E-18  1.1994E+00  1.9823E-01  2.7683E+00  2.5599E-02
  7.8617E-01  2.6319E+00 -4.3011E-18  1.1995E+00  1.9823E-01  2.7683E+00  2.5753E-02
  7.9095E-01  2.6479E+00 -2.1505E-19  1.1997E+00  1.9823E-01  2.7683E+00  2.5907E-02
  7.9573E-01  2.6639E+00 -3.0107E-18  1.1998E+00  1.9823E-01  2.7683E+00  2.6061E-02
  8.0051E-01  2.6799E+00  2.3656E-18  1.1999E+00  1.9823E-01  2.7683E+00  2.6215E-02
  8.0539E-01  2.6962E+00 -4.3011E-19  1.2000E+00  1.9823E-01  2.7683E+00  2.6372E-02
  8.1017E-01  2.7122E+00 -2.1505E-19  1.2002E+00  1.9823E-01  2.7683E+00  2.6526E-02
  8.1495E-01  2.7282E+00  1.2903E-18  1.2003E+00  1.9823E-01  2.7683E+00  2.6679E-02
  8.1973E-01  2.7442E+00  5.3763E-18  1.2004E+00  1.9823E-01  2.7683E+00  2.6833E-02
  8.2451E-01  2.7602E+00  1.2903E-18  1.2005E+00  1.9823E-01  2.7683E+00  2.6986E-02
  8.2929E-01  2.7762E+00  6.4516E-19  1.2007E+00  1.9823E-01  2.7683E+00  2.7140E-02
  8.3407E-01  2.7922E+00  1.7204E-18  1.2008E+00  1.9823E-01  2.7683E+00  2.7293E-02
  8.3895E-01  2.8086E+00  8.6021E-19  1.2009E+00  1.9823E-01  2.7683E+00  2.7450E-02
  8.4373E-01  2.8246E+00  4.5161E-18  1.2011E+00  1.9823E-01  2.7683E+00  2.7603E-02
  8.4851E-01  2.8406E+00  1.7204E-18  1.2012E+00  1.9823E-01  2.7683E+00  2.7757E-02
  8.5329E-01  2.8566E+00 -2.1505E-19  1.2013E+00  1.9823E-01  2.7683E+00  2.7910E-02
  8.5807E-01  2.8726E+00  1.7204E-18  1.2015E+00  1.9823E-01  2.7683E+00  2.8063E-02
  8.6285E-01  2.8886E+00  1.0753E-18  1.2016E+00  1.9823E-01  2.7683E+00  2.8216E-02
  8.6763E-01  2.9046E+00  2.1505E-18  1.2017E+00  1.9823E-01  2.7683E+00  2.8369E-02
  8.7251E-01  2.9209E+00  3.8710E-18  1.2019E+00  1.9823E-01  2.7683E+00  2.8526E-02
  8.7729E-01  2.9369E+00  4.9462E-18  1.2020E+00  1.9823E-01  2.7683E+00  2.8679E-02
  8.8207E-01  2.9529E+00  3.8710E-18  1.2021E+00  1.9823E-01  2.7683E+00  2.8832E-02
  8.8685E-01  2.9689E+00 -6.4516E-19  1.2023E+00  1.9823E-01  2.7683E+00  2.8985E-02
  8.9163E-01  2.9849E+00  6.8817E-18  1.2024E+00  1.9823E-01  2.7683E+00  2.9137E-02
  8.9640E-01  3.0009E+00  2.3656E-18  1.2026E+00  1.9823E-01  2.7683E+00  2.9290E-02
  9.0118E-01  3.0169E+00  6.0215E-18  1.2027E+00  1.9823E-01  2.7683E+00  2.9443E-02
  9.0607E-01  3.0333E+00  2.5806E-18  1.2029E+00  1.9823E-01  2.7683E+00  2.9599E-02
  9.1085E-01  3.0493E+00  6.4516E-19  1.2030E+00  1.9823E-01  2.7683E+00  2.9752E-02
  9.1562E-01  3.0653E+00  2.1505E-18  1.2031E+00  1.9823E-01  2.7683E+00  2.9904E-02
  9.2040E-01  3.0813E+00  3.6559E-18  1.2033E+00  1.9823E-01  2.7683E+00  3.0057E-02
  9.2518E-01  3.0973E+00  6.4516E-18  1.2034E+00  1.9823E-01  2.7683E+00  3.0209E-02
  9.2996E-01  3.1133E+00  4.9462E-18  1.2036E+00  1.9823E-01  2.7683E+00  3.0362E-02
  9.3474E-01  3.1293E+00 -4.3011E-19  1.2037E+00  1.9823E-01  2.7683E+00  3.0514E-02
  9.3962E-01  3.1456E+00  1.7204E-18  1.2039E+00  1.9823E-01  2.7683E+00  3.0669E-02
  9.4440E-01  3.1616E+00  1.5054E-18  1.2040E+00  1.9823E-01  2.7683E+00  3.0822E-02
  9.4918E-01  3.1776E+00  4.3011E-18  1.2042E+00  1.9823E-01  2.7683E+00  3.0974E-02
  9.5396E-01  3.1936E+00  5.8064E-18  1.2043E+00  1.9823E-01  2.7683E+00  3.1126E-02
  9.5874E-01  3.2096E+00  4.3011E-19  1.2045E+00  1.9823E-01  2.7683E+00  3.1278E-02
  9.6352E-01  3.2256E+00  1.0753E-18  1.2046E+00  1.9823E-01  2.7683E+00  3.1430E-02
  9.6830E-01  3.2416E+00  0.0000E+00  1.2048E+00  1.9823E-01  2.7683E+00  3.1582E-02
  9.7318E-01  3.2579E+00  3.2258E-18  1.2049E+00  1.9823E-01  2.7683E+00  3.1737E-02
  9.7796E-01  3.2739E+00  8.6021E-19  1.2051E+00  1.9823E-01  2.7683E+00  3.1889E-02
  9.8274E-01  3.2899E+00  4.9462E-18  1.2052E+00  1.9823E-01  2.7683E+00  3.2041E-02
  9.8752E-01  3.3059E+00 -3.8710E-18  1.2054E+00  1.9823E-01  2.7683E+00  3.2192E-02
  9.9230E-01  3.3219E+00 -1.9355E-18  1.2055E+00  1.9823E-01  2.7683E+00  3.2344E-02
  9.9708E-01  3.3379E+00 -3.4409E-18  1.2057E+00  1.9823E-01  2.7683E+00  3.2496E-02
  1.0000E+00  3.3477E+00 -6.6666E-18  1.2058E+00  1.9823E-01  2.7683E+00  3.2588E-02
  1.0019E+00  3.3542E+00  3.4409E-18  1.2058E+00  1.9823E-01  2.7683E+00  3.2650E-02
  1.0067E+00  3.3702E+00  3.6559E-18  1.2060E+00  1.9823E-01  2.7683E+00  3.2802E-02
  1.0115E+00  3.3862E+00 -6.4516E-18  1.2061E+00  1.9823E-01  2.7683E+00  3.2953E-02
  1.0163E+00  3.4022E+00  2.3656E-18  1.2063E+00  1.9823E-01  2.7683E+00  3.3104E-02
  1.0211E+00  3.4182E+00  1.2903E-18  1.2065E+00  1.9823E-01  2.7683E+00  3.3256E-02
  1.0258E+00  3.4342E+00  1.1398E-17  1.2066E+00  1.9823E-01  2.7683E+00  3.3407E-02
  1.0306E+00  3.4502E+00  1.2903E-18  1.2068E+00  1.9823E-01  2.7683E+00  3.3558E-02
  1.0355E+00  3.4666E+00 -1.9355E-18  1.2069E+00  1.9823E-01  2.7683E+00  3.3713E-02
  1.0403E+00  3.4826E+00 -2.5806E-18  1.2071E+00  1.9823E-01  2.7683E+00  3.3864E-02
  1.0451E+00  3.4986E+00  5.3763E-18  1.2073E+00  1.9823E-01  2.7683E+00  3.4015E-02
  1.0498E+00  3.5146E+00  6.0215E-18  1.2074E+00  1.9823E-01  2.7683E+00  3.4166E-02
  1.0546E+00  3.5306E+00  1.3548E-17  1.2076E+00  1.9823E-01  2.7683E+00  3.4316E-02
  1.0594E+00  3.5466E+00  8.6021E-18  1.2078E+00  1.9823E-01  2.7683E+00  3.4467E-02
  1.0642E+00  3.5626E+00 -1.5054E-18  1.2079E+00  1.9823E-01  2.7683E+00  3.4618E-02
  1.0691E+00  3.5789E+00  6.0215E-18  1.2081E+00  1.9823E-01  2.7683E+00  3.4772E-02
  1.0738E+00  3.5949E+00  6.4516E-19  1.2083E+00  1.9823E-01  2.7683E+00  3.4923E-02
  1.0786E+00  3.6109E+00 -1.7204E-18  1.2084E+00  1.9823E-01  2.7683E+00  3.5073E-02
  1.0834E+00  3.6269E+00 -1.5054E-18  1.2086E+00  1.9823E-01  2.7683E+00  3.5224E-02
  1.0882E+00  3.6429E+00  4.7312E-18  1.2088E+00  1.9823E-01  2.7683E+00  3.5374E-02
  1.0930E+00  3.6589E+00 -4.0860E-18  1.2089E+00  1.9823E-01  2.7683E+00  3.5525E-02
  1.0977E+00  3.6749E+00 -2.5806E-18  1.2091E+00  1.9823E-01  2.7683E+00  3.5675E-02
  1.1026E+00  3.6913E+00  2.1505E-18  1.2093E+00  1.9823E-01  2.7683E+00  3.5828E-02
  1.1074E+00  3.7073E+00 -1.0753E-18  1.2095E+00  1.9823E-01  2.7683E+00  3.5978E-02
  1.1122E+00  3.7233E+00  4.3011E-19  1.2096E+00  1.9823E-01  2.7683E+00  3.6129E-02
  1.1170E+00  3.7393E+00  2.1505E-19  1.2098E+00  1.9823E-01  2.7683E+00  3.6279E-02
  1.1217E+00  3.7553E+00 -4.3011E-19  1.2100E+00  1.9823E-01  2.7683E+00  3.6429E-02
  1.1265E+00  3.7713E+00  4.9462E-18  1.2101E+00  1.9823E-01  2.7683E+00  3.6579E-02
  1.1313E+00  3.7873E+00  4.3011E-18  1.2103E+00  1.9823E-01  2.7683E+00  3.6729E-02
  1.1362E+00  3.8036E+00 -3.0107E-18  1.2105E+00  1.9823E-01  2.7683E+00  3.6882E-02
  1.1410E+00  3.8196E+00 -4.3011E-19  1.2107E+00  1.9823E-01  2.7683E+00  3.7031E-02
  1.1457E+00  3.8356E+00  2.7957E-18  1.2109E+00  1.9823E-01  2.7683E+00  3.7181E-02
  1.1505E+00  3.8516E+00  8.6021E-19  1.2110E+00  1.9823E-01  2.7683E+00  3.7331E-02
  1.1553E+00  3.8676E+00  3.2258E-18  1.2112E+00  1.9823E-01  2.7683E+00  3.7480E-02
  1.1601E+00  3.8836E+00 -6.4516E-18  1.2114E+00  1.9823E-01  2.7683E+00  3.7630E-02
  1.1649E+00  3.8996E+00 -2.1505E-19  1.2116E+00  1.9823E-01  2.7683E+00  3.7779E-02
  1.1697E+00  3.9159E+00 -2.3656E-18  1.2118E+00  1.9823E-01  2.7683E+00  3.7932E-02
  1.1745E+00  3.9319E+00  1.9355E-18  1.2119E+00  1.9823E-01  2.7683E+00  3.8081E-02
  1.1793E+00  3.9479E+00  4.3011E-18  1.2121E+00  1.9823E-01  2.7683E+00  3.8230E-02
  1.1841E+00  3.9639E+00  1.9355E-18  1.2123E+00  1.9823E-01  2.7683E+00  3.8379E-02
  1.1889E+00  3.9799E+00  4.3011E-18  1.2125E+00  1.9823E-01  2.7683E+00  3.8528E-02
  1.1936E+00  3.9959E+00 -3.6559E-18  1.2127E+00  1.9823E-01  2.7683E+00  3.8677E-02
  1.1984E+00  4.0119E+00  3.0107E-18  1.2129E+00  1.9823E-01  2.7683E+00  3.8826E-02
  1.2033E+00  4.0283E+00  6.8817E-18  1.2130E+00  1.9823E-01  2.7683E+00  3.8978E-02
  1.2081E+00  4.0443E+00  3.2258E-18  1.2132E+00  1.9823E-01  2.7683E+00  3.9127E-02
  1.2129E+00  4.0603E+00 -3.0107E-18  1.2134E+00  1.9823E-01  2.7683E+00  3.9276E-02
  1.2176E+00  4.0763E+00  7.5269E-18  1.2136E+00  1.9823E-01  2.7683E+00  3.9424E-02
  1.2224E+00  4.0923E+00  8.6021E-19  1.2138E+00  1.9823E-01  2.7683E+00  3.9573E-02
  1.2272E+00  4.1083E+00  6.6666E-18  1.2140E+00  1.9823E-01  2.7683E+00  3.9722E-02
  1.2320E+00  4.1243E+00  7.3118E-18  1.2142E+00  1.9823E-01  2.7683E+00  3.9870E-02
  1.2369E+00  4.1406E+00 -4.3011E-19  1.2144E+00  1.9823E-01  2.7683E+00  4.0022E-02
  1.2416E+00  4.1566E+00  5.8064E-18  1.2146E+00  1.9823E-01  2.7683E+00  4.0170E-02
  1.2464E+00  4.1726E+00  8.8172E-18  1.2148E+00  1.9823E-01  2.7683E+00  4.0318E-02
  1.2512E+00  4.1886E+00  1.5484E-17  1.2150E+00  1.9823E-01  2.7683E+00  4.0466E-02
  1.2560E+00  4.2046E+00  2.7957E-18  1.2151E+00  1.9823E-01  2.7683E+00  4.0614E-02
  1.2607E+00  4.2206E+00  8.1720E-18  1.2153E+00  1.9823E-01  2.7683E+00  4.0762E-02
  1.2655E+00  4.2366E+00  2.3656E-18  1.2155E+00  1.9823E-01  2.7683E+00  4.0910E-02
  1.2704E+00  4.2530E+00  6.6666E-18  1.2157E+00  1.9823E-01  2.7683E+00  4.1061E-02
  1.2752E+00  4.2690E+00 -1.2903E-18  1.2159E+00  1.9823E-01  2.7683E+00  4.1209E-02
  1.2800E+00  4.2850E+00  1.9355E-18  1.2161E+00  1.9823E-01  2.7683E+00  4.1357E-02
  1.2847E+00  4.3010E+00 -2.1505E-18  1.2163E+00  1.9823E-01  2.7683E+00  4.1505E-02
  1.2895E+00  4.3170E+00  3.2258E-18  1.2165E+00  1.9823E-01  2.7683E+00  4.1652E-02
  1.2943E+00  4.3330E+00  0.0000E+00  1.2167E+00  1.9823E-01  2.7683E+00  4.1800E-02
  1.2991E+00  4.3490E+00 -1.1398E-17  1.2169E+00  1.9823E-01  2.7683E+00  4.1947E-02
  1.3000E+00  4.3520E+00  2.1505E-19  1.2170E+00  1.9823E-01  2.7683E+00  4.1975E-02
  1.3040E+00  4.3653E+00  6.4516E-19  1.2171E+00  1.9823E-01  2.7683E+00  4.2098E-02
  1.3087E+00  4.3813E+00  3.8710E-18  1.2173E+00  1.9823E-01  2.7683E+00  4.2245E-02
  1.3135E+00  4.3973E+00 -7.0968E-18  1.2175E+00  1.9823E-01  2.7683E+00  4.2392E-02
  1.3183E+00  4.4133E+00  6.8817E-18  1.2177E+00  1.9823E-01  2.7683E+00  4.2539E-02
  1.3231E+00  4.4293E+00  1.7419E-17  1.2179E+00  1.9823E-01  2.7683E+00  4.2686E-02
  1.3279E+00  4.4453E+00  6.8817E-18  1.2181E+00  1.9823E-01  2.7683E+00  4.2833E-02
  1.3326E+00  4.4613E+00  8.3871E-18  1.2183E+00  1.9823E-01  2.7683E+00  4.2980E-02
  1.3375E+00  4.4777E+00  3.8710E-18  1.2186E+00  1.9823E-01  2.7683E+00  4.3130E-02
  1.3423E+00  4.4937E+00  4.9462E-18  1.2188E+00  1.9823E-01  2.7683E+00  4.3277E-02
  1.3471E+00  4.5097E+00 -2.5806E-18  1.2190E+00  1.9823E-01  2.7683E+00  4.3424E-02
  1.3519E+00  4.5257E+00 -2.1505E-19  1.2192E+00  1.9823E-01  2.7683E+00  4.3571E-02
  1.3566E+00  4.5417E+00 -1.2903E-18  1.2194E+00  1.9823E-01  2.7683E+00  4.3717E-02
  1.3614E+00  4.5577E+00  3.2258E-18  1.2196E+00  1.9823E-01  2.7683E+00  4.3864E-02
  1.3662E+00  4.5737E+00 -2.5806E-18  1.2198E+00  1.9823E-01  2.7683E+00  4.4010E-02
  1.3711E+00  4.5900E+00  0.0000E+00  1.2200E+00  1.9823E-01  2.7683E+00  4.4159E-02
  1.3759E+00  4.6060E+00  2.7957E-18  1.2202E+00  1.9823E-01  2.7683E+00  4.4306E-02
  1.3806E+00  4.6220E+00  4.3011E-18  1.2204E+00  1.9823E-01  2.7683E+00  4.4452E-02
  1.3854E+00  4.6380E+00  9.2473E-18  1.2207E+00  1.9823E-01  2.7683E+00  4.4598E-02
  1.3902E+00  4.6540E+00 -2.5806E-18  1.2209E+00  1.9823E-01  2.7683E+00  4.4744E-02
  1.3950E+00  4.6700E+00  4.5161E-18  1.2211E+00  1.9823E-01  2.7683E+00  4.4890E-02
  1.3998E+00  4.6860E+00 -4.3011E-19  1.2213E+00  1.9823E-01  2.7683E+00  4.5036E-02
  1.4046E+00  4.7023E+00  2.1505E-18  1.2215E+00  1.9823E-01  2.7683E+00  4.5185E-02
  1.4094E+00  4.7183E+00  1.7204E-18  1.2217E+00  1.9823E-01  2.7683E+00  4.5330E-02
  1.4142E+00  4.7343E+00  0.0000E+00  1.2220E+00  1.9823E-01  2.7683E+00  4.5476E-02
  1.4190E+00  4.7503E+00  2.5806E-18  1.2222E+00  1.9823E-01  2.7683E+00  4.5622E-02
  1.4238E+00  4.7663E+00  3.0107E-18  1.2224E+00  1.9823E-01  2.7683E+00  4.5767E-02
  1.4285E+00  4.7823E+00  2.1505E-18  1.2226E+00  1.9823E-01  2.7683E+00  4.5913E-02
  1.4333E+00  4.7983E+00  6.8817E-18  1.2228E+00  1.9823E-01  2.7683E+00  4.6058E-02
  1.4382E+00  4.8147E+00  1.5054E-17  1.2231E+00  1.9823E-01  2.7683E+00  4.6206E-02
  1.4430E+00  4.8307E+00  1.7204E-18  1.2233E+00  1.9823E-01  2.7683E+00  4.6351E-02
  1.4478E+00  4.8467E+00 -8.6021E-19  1.2235E+00  1.9823E-01  2.7683E+00  4.6497E-02
  1.4525E+00  4.8627E+00  5.5914E-18  1.2237E+00  1.9823E-01  2.7683E+00  4.6642E-02
  1.4573E+00  4.8787E+00  3.0107E-18  1.2239E+00  1.9823E-01  2.7683E+00  4.6786E-02
  1.4621E+00  4.8947E+00  4.0063E-09  1.2242E+00  1.9823E-01  2.7686E+00  4.6846E-02
  1.4669E+00  4.9107E+00  1.9031E-06  1.2244E+00  1.9828E-01  2.7795E+00  4.3992E-02
  1.4718E+00  4.9270E+00  2.7128E-05  1.2246E+00  1.9543E-01  2.7550E+00  3.8520E-02
  1.4765E+00  4.9430E+00  1.6717E-04  1.2248E+00  1.9560E-01  2.7674E+00  3.5037E-02
  1.4813E+00  4.9590E+00  4.5625E-04  1.2249E+00  1.9562E-01  2.7687E+00  3.4790E-02
  1.4861E+00  4.9750E+00  9.0830E-04  1.2251E+00  1.9562E-01  2.7689E+00  3.4892E-02
  1.4909E+00  4.9910E+00  1.5359E-03  1.2253E+00  1.9563E-01  2.7691E+00  3.4994E-02
  1.4957E+00  5.0070E+00  2.3530E-03  1.2254E+00  1.9564E-01  2.7693E+00  3.5095E-02
  1.5004E+00  5.0230E+00  3.3747E-03  1.2256E+00  1.9565E-01  2.7695E+00  3.5195E-02
  1.5053E+00  5.0394E+00  4.6473E-03  1.2258E+00  1.9566E-01  2.7699E+00  3.5304E-02
  1.5101E+00  5.0554E+00  6.1369E-03  1.2259E+00  1.9568E-01  2.7703E+00  3.5419E-02
  1.5149E+00  5.0714E+00  7.8889E-03  1.2261E+00  1.9571E-01  2.7707E+00  3.5526E-02
  1.5197E+00  5.0874E+00  9.9269E-03  1.2263E+00  1.9574E-01  2.7713E+00  3.5641E-02
  1.5244E+00  5.1034E+00  1.2277E-02  1.2265E+00  1.9579E-01  2.7720E+00  3.5771E-02
  1.5292E+00  5.1194E+00  1.4970E-02  1.2266E+00  1.9585E-01  2.7729E+00  3.5907E-02
  1.5340E+00  5.1354E+00  1.8038E-02  1.2268E+00  1.9593E-01  2.7740E+00  3.6069E-02
  1.5389E+00  5.1517E+00  2.1597E-02  1.2270E+00  1.9602E-01  2.7753E+00  3.6250E-02
  1.5437E+00  5.1677E+00  2.5542E-02  1.2271E+00  1.9615E-01  2.7770E+00  3.6470E-02
  1.5484E+00  5.1837E+00  2.9989E-02  1.2273E+00  1.9631E-01  2.7790E+00  3.6694E-02
  1.5532E+00  5.1997E+00  3.4992E-02  1.2275E+00  1.9651E-01  2.7816E+00  3.6990E-02
  1.5580E+00  5.2157E+00  4.0611E-02  1.2277E+00  1.9676E-01  2.7848E+00  3.7312E-02
  1.5628E+00  5.2317E+00  4.6914E-02  1.2279E+00  1.9709E-01  2.7889E+00  3.7725E-02
  1.5676E+00  5.2477E+00  5.3979E-02  1.2280E+00  1.9749E-01  2.7939E+00  3.8177E-02
  1.5724E+00  5.2641E+00  6.2073E-02  1.2282E+00  1.9803E-01  2.8006E+00  3.8770E-02
  1.5772E+00  5.2801E+00  7.0958E-02  1.2284E+00  1.9871E-01  2.8089E+00  3.9481E-02
  1.5820E+00  5.2961E+00  8.0908E-02  1.2286E+00  1.9957E-01  2.8195E+00  4.0352E-02
  1.5868E+00  5.3121E+00  9.2051E-02  1.2288E+00  2.0064E-01  2.8328E+00  4.1338E-02
  1.5915E+00  5.3281E+00  1.0454E-01  1.2290E+00  2.0206E-01  2.8501E+00  4.2632E-02
  1.5963E+00  5.3441E+00  1.1853E-01  1.2292E+00  2.0382E-01  2.8720E+00  4.4117E-02
  1.5999E+00  5.3561E+00  1.3013E-01  1.2294E+00  2.0549E-01  2.8924E+00  4.5511E-02
  1.6011E+00  5.3601E+00  1.3423E-01  1.2294E+00  2.0610E-01  2.9001E+00  4.5997E-02
  1.6060E+00  5.3764E+00  1.5225E-01  1.2296E+00  2.0907E-01  2.9370E+00  4.8239E-02
  1.6108E+00  5.3924E+00  1.7210E-01  1.2299E+00  2.1271E-01  2.9827E+00  5.0839E-02
  1.6155E+00  5.4084E+00  1.9441E-01  1.2301E+00  2.1731E-01  3.0407E+00  5.3890E-02
  1.6203E+00  5.4244E+00  2.1952E-01  1.2304E+00  2.2313E-01  3.1144E+00  5.7564E-02
  1.6251E+00  5.4404E+00  2.4780E-01  1.2307E+00  2.3046E-01  3.2075E+00  6.1988E-02
  1.6299E+00  5.4564E+00  2.7968E-01  1.2310E+00  2.3949E-01  3.3227E+00  6.7128E-02
  1.6347E+00  5.4724E+00  3.1564E-01  1.2313E+00  2.5077E-01  3.4666E+00  7.3419E-02
  1.6395E+00  5.4887E+00  3.5717E-01  1.2317E+00  2.6473E-01  3.6457E+00  8.0783E-02
  1.6443E+00  5.5047E+00  4.0314E-01  1.2321E+00  2.8142E-01  3.8600E+00  8.9461E-02
  1.6491E+00  5.5207E+00  4.5507E-01  1.2326E+00  3.0082E-01  4.1115E+00  9.8844E-02
  1.6500E+00  5.5237E+00  4.6551E-01  1.2326E+00  3.0485E-01  4.1639E+00  1.0076E-01
  1.6539E+00  5.5367E+00  5.1372E-01  1.2331E+00  3.2398E-01  4.4125E+00  1.0984E-01
  1.6587E+00  5.5527E+00  5.8002E-01  1.2336E+00  3.5034E-01  4.7556E+00  1.2215E-01
  1.6634E+00  5.5687E+00  6.5490E-01  1.2342E+00  3.8077E-01  5.1522E+00  1.3620E-01
  1.6682E+00  5.5847E+00  7.3942E-01  1.2349E+00  4.1479E-01  5.5964E+00  1.5177E-01
  1.6731E+00  5.6011E+00  8.3702E-01  1.2357E+00  4.5374E-01  6.1040E+00  1.6972E-01
  1.6779E+00  5.6171E+00  9.4465E-01  1.2366E+00  4.9549E-01  6.6496E+00  1.8879E-01
  1.6827E+00  5.6331E+00  1.0657E+00  1.2375E+00  5.4080E-01  7.2409E+00  2.0964E-01
  1.6874E+00  5.6491E+00  1.2016E+00  1.2386E+00  5.8938E-01  7.8767E+00  2.3182E-01
  1.6922E+00  5.6651E+00  1.3538E+00  1.2397E+00  6.4141E-01  8.5565E+00  2.5589E-01
  1.6970E+00  5.6811E+00  1.5240E+00  1.2410E+00  6.9624E-01  9.2717E+00  2.8161E-01
  1.7000E+00  5.6911E+00  1.6402E+00  1.2419E+00  7.3207E-01  9.7388E+00  2.9855E-01
  1.7019E+00  5.6974E+00  1.7181E+00  1.2424E+00  7.5530E-01  1.0042E+01  3.0959E-01
  1.7066E+00  5.7134E+00  1.9297E+00  1.2440E+00  8.1582E-01  1.0829E+01  3.3872E-01
  1.7114E+00  5.7294E+00  2.1646E+00  1.2457E+00  8.7858E-01  1.1644E+01  3.6938E-01
  1.7162E+00  5.7454E+00  2.4246E+00  1.2475E+00  9.4382E-01  1.2489E+01  4.0185E-01
  1.7210E+00  5.7614E+00  2.7116E+00  1.2495E+00  1.0110E+00  1.3357E+01  4.3587E-01
  1.7258E+00  5.7778E+00  3.0352E+00  1.2517E+00  1.0817E+00  1.4269E+01  4.7228E-01
  1.7306E+00  5.7938E+00  3.3829E+00  1.2541E+00  1.1525E+00  1.5178E+01  5.0949E-01
  1.7354E+00  5.8098E+00  3.7637E+00  1.2566E+00  1.2249E+00  1.6105E+01  5.4831E-01
  1.7401E+00  5.8258E+00  4.1798E+00  1.2593E+00  1.2985E+00  1.7043E+01  5.8851E-01
  1.7450E+00  5.8422E+00  4.6457E+00  1.2623E+00  1.3750E+00  1.8016E+01  6.3123E-01
  1.7498E+00  5.8582E+00  5.1396E+00  1.2654E+00  1.4504E+00  1.8969E+01  6.7425E-01
  1.7500E+00  5.8590E+00  5.1645E+00  1.2655E+00  1.4541E+00  1.9016E+01  6.7637E-01
  1.7546E+00  5.8745E+00  5.6851E+00  1.2688E+00  1.5279E+00  1.9943E+01  7.1937E-01
  1.7593E+00  5.8905E+00  6.2653E+00  1.2723E+00  1.6046E+00  2.0902E+01  7.6500E-01
  1.7642E+00  5.9069E+00  6.9060E+00  1.2761E+00  1.6834E+00  2.1882E+01  8.1294E-01
  1.7689E+00  5.9229E+00  7.5814E+00  1.2801E+00  1.7608E+00  2.2836E+01  8.6105E-01
  1.7738E+00  5.9393E+00  8.3283E+00  1.2844E+00  1.8404E+00  2.3809E+01  9.1157E-01
  1.7785E+00  5.9553E+00  9.1080E+00  1.2888E+00  1.9169E+00  2.4737E+01  9.6124E-01
  1.7834E+00  5.9719E+00  9.9730E+00  1.2936E+00  1.9941E+00  2.5659E+01  1.0129E+00
  1.7881E+00  5.9879E+00  1.0866E+01  1.2985E+00  2.0646E+00  2.6491E+01  1.0615E+00
  1.7930E+00  6.0046E+00  1.1861E+01  1.3038E+00  2.1331E+00  2.7280E+01  1.1108E+00
  1.7977E+00  6.0210E+00  1.2904E+01  1.3092E+00  2.1912E+00  2.7936E+01  1.1542E+00
  1.8000E+00  6.0288E+00  1.3416E+01  1.3118E+00  2.2157E+00  2.8204E+01  1.1736E+00
  1.8025E+00  6.0375E+00  1.4014E+01  1.3148E+00  2.2412E+00  2.8472E+01  1.1948E+00
  1.8073E+00  6.0540E+00  1.5196E+01  1.3206E+00  2.2809E+00  2.8869E+01  1.2299E+00
  1.8121E+00  6.0706E+00  1.6451E+01  1.3266E+00  2.3107E+00  2.9133E+01  1.2598E+00
  1.8169E+00  6.0873E+00  1.7780E+01  1.3327E+00  2.3319E+00  2.9276E+01  1.2857E+00
  1.8217E+00  6.1040E+00  1.9185E+01  1.3389E+00  2.3475E+00  2.9343E+01  1.3080E+00
  1.8265E+00  6.1208E+00  2.0668E+01  1.3453E+00  2.3578E+00  2.9332E+01  1.3278E+00
  1.8313E+00  6.1377E+00  2.2230E+01  1.3517E+00  2.3647E+00  2.9272E+01  1.3452E+00
  1.8361E+00  6.1547E+00  2.3873E+01  1.3582E+00  2.3692E+00  2.9175E+01  1.3613E+00
  1.8409E+00  6.1717E+00  2.5592E+01  1.3647E+00  2.3721E+00  2.9051E+01  1.3762E+00
  1.8456E+00  6.1887E+00  2.7384E+01  1.3713E+00  2.3740E+00  2.8907E+01  1.3902E+00
  1.8500E+00  6.2044E+00  2.9104E+01  1.3774E+00  2.3751E+00  2.8760E+01  1.4026E+00
  1.8505E+00  6.2061E+00  2.9299E+01  1.3780E+00  2.3752E+00  2.8743E+01  1.4039E+00
  1.8553E+00  6.2235E+00  3.1279E+01  1.3848E+00  2.3760E+00  2.8568E+01  1.4171E+00
  1.8601E+00  6.2410E+00  3.3348E+01  1.3916E+00  2.3764E+00  2.8381E+01  1.4299E+00
  1.8649E+00  6.2586E+00  3.5506E+01  1.3985E+00  2.3768E+00  2.8183E+01  1.4424E+00
  1.8697E+00  6.2763E+00  3.7757E+01  1.4055E+00  2.3770E+00  2.7976E+01  1.4547E+00
  1.8745E+00  6.2942E+00  4.0101E+01  1.4125E+00  2.3771E+00  2.7758E+01  1.4667E+00
  1.8792E+00  6.3122E+00  4.2541E+01  1.4195E+00  2.3772E+00  2.7532E+01  1.4785E+00
  1.8800E+00  6.3150E+00  4.2935E+01  1.4206E+00  2.3772E+00  2.7495E+01  1.4804E+00
  1.8840E+00  6.3300E+00  4.5037E+01  1.4265E+00  2.3772E+00  2.7299E+01  1.4900E+00
  1.8888E+00  6.3487E+00  4.7725E+01  1.4338E+00  2.3772E+00  2.7049E+01  1.5016E+00
  1.8900E+00  6.3531E+00  4.8382E+01  1.4356E+00  2.3772E+00  2.6988E+01  1.5044E+00
  1.8936E+00  6.3671E+00  5.0468E+01  1.4410E+00  2.3772E+00  2.6793E+01  1.5129E+00
  1.8984E+00  6.3858E+00  5.3324E+01  1.4483E+00  2.3772E+00  2.6527E+01  1.5240E+00
  1.9000E+00  6.3918E+00  5.4258E+01  1.4507E+00  2.3772E+00  2.6440E+01  1.5275E+00
  1.9032E+00  6.4047E+00  5.6288E+01  1.4557E+00  2.3772E+00  2.6250E+01  1.5348E+00
  1.9080E+00  6.4237E+00  5.9355E+01  1.4630E+00  2.3771E+00  2.5964E+01  1.5455E+00
  1.9127E+00  6.4427E+00  6.2502E+01  1.4703E+00  2.3770E+00  2.5670E+01  1.5558E+00
  1.9176E+00  6.4626E+00  6.5881E+01  1.4780E+00  2.3767E+00  2.5353E+01  1.5661E+00
  1.9224E+00  6.4823E+00  6.9326E+01  1.4855E+00  2.3763E+00  2.5030E+01  1.5759E+00
  1.9272E+00  6.5023E+00  7.2898E+01  1.4931E+00  2.3755E+00  2.4693E+01  1.5852E+00
  1.9319E+00  6.5223E+00  7.6556E+01  1.5006E+00  2.3742E+00  2.4345E+01  1.5936E+00
  1.9368E+00  6.5433E+00  8.0472E+01  1.5084E+00  2.3719E+00  2.3969E+01  1.6011E+00
  1.9416E+00  6.5642E+00  8.4477E+01  1.5161E+00  2.3678E+00  2.3577E+01  1.6063E+00
  1.9463E+00  6.5852E+00  8.8589E+01  1.5237E+00  2.3609E+00  2.3163E+01  1.6081E+00
  1.9500E+00  6.6018E+00  9.1904E+01  1.5296E+00  2.3520E+00  2.2814E+01  1.6057E+00
  1.9511E+00  6.6068E+00  9.2912E+01  1.5314E+00  2.3487E+00  2.2706E+01  1.6042E+00
  1.9559E+00  6.6288E+00  9.7407E+01  1.5390E+00  2.3274E+00  2.2196E+01  1.5902E+00
  1.9607E+00  6.6515E+00  1.0214E+02  1.5467E+00  2.2921E+00  2.1611E+01  1.5606E+00
  1.9655E+00  6.6743E+00  1.0700E+02  1.5541E+00  2.2361E+00  2.0938E+01  1.5074E+00
  1.9703E+00  6.6973E+00  1.1199E+02  1.5610E+00  2.1556E+00  2.0162E+01  1.4264E+00
  1.9751E+00  6.7213E+00  1.1729E+02  1.5676E+00  2.0482E+00  1.9280E+01  1.3124E+00
  1.9799E+00  6.7459E+00  1.2281E+02  1.5736E+00  1.9200E+00  1.8323E+01  1.1707E+00
  1.9847E+00  6.7708E+00  1.2849E+02  1.5789E+00  1.7828E+00  1.7348E+01  1.0118E+00
  1.9894E+00  6.7958E+00  1.3429E+02  1.5833E+00  1.6465E+00  1.6398E+01  8.4432E-01
  1.9942E+00  6.8218E+00  1.4040E+02  1.5869E+00  1.5140E+00  1.5462E+01  6.6774E-01
  1.9991E+00  6.8488E+00  1.4683E+02  1.5897E+00  1.3911E+00  1.4552E+01  4.8401E-01
  2.0000E+00  6.8538E+00  1.4802E+02  1.5901E+00  1.3703E+00  1.4391E+01  4.5002E-01
  2.0039E+00  6.8758E+00  1.5333E+02  1.5916E+00  1.2876E+00  1.3705E+01  3.0073E-01
  2.0049E+00  6.8818E+00  1.5478E+02  1.5919E+00  1.2678E+00  1.3526E+01  2.6015E-01
  2.0087E+00  6.9036E+00  1.6010E+02  1.5926E+00  1.2063E+00  1.2898E+01  1.1322E-01
  2.0100E+00  6.9113E+00  1.6198E+02  1.5927E+00  1.1890E+00  1.2687E+01  6.1938E-02
  2.0134E+00  6.9313E+00  1.6690E+02  1.5927E+00  1.1550E+00  1.2160E+01 -7.0524E-02
  2.0182E+00  6.9603E+00  1.7408E+02  1.5919E+00  1.1357E+00  1.1458E+01 -2.5819E-01
  2.0200E+00  6.9710E+00  1.7674E+02  1.5914E+00  1.1373E+00  1.1216E+01 -3.2584E-01
  2.0231E+00  6.9897E+00  1.8143E+02  1.5902E+00  1.1504E+00  1.0816E+01 -4.4213E-01
  2.0279E+00  7.0194E+00  1.8887E+02  1.5877E+00  1.1946E+00  1.0242E+01 -6.1876E-01
  2.0326E+00  7.0494E+00  1.9645E+02  1.5843E+00  1.2613E+00  9.7308E+00 -7.8732E-01
  2.0374E+00  7.0794E+00  2.0406E+02  1.5803E+00  1.3415E+00  9.2877E+00 -9.4383E-01
  2.0422E+00  7.1104E+00  2.1195E+02  1.5753E+00  1.4296E+00  8.8979E+00 -1.0901E+00
  2.0470E+00  7.1414E+00  2.1987E+02  1.5698E+00  1.5164E+00  8.5726E+00 -1.2195E+00
  2.0499E+00  7.1604E+00  2.2474E+02  1.5661E+00  1.5668E+00  8.4045E+00 -1.2899E+00
  2.0518E+00  7.1724E+00  2.2781E+02  1.5637E+00  1.5971E+00  8.3090E+00 -1.3311E+00
  2.0566E+00  7.2041E+00  2.3596E+02  1.5571E+00  1.6702E+00  8.0956E+00 -1.4268E+00
  2.0613E+00  7.2351E+00  2.4393E+02  1.5502E+00  1.7303E+00  7.9338E+00 -1.5026E+00
  2.0662E+00  7.2671E+00  2.5217E+02  1.5427E+00  1.7814E+00  7.8064E+00 -1.5649E+00
  2.0710E+00  7.2990E+00  2.6040E+02  1.5351E+00  1.8224E+00  7.7119E+00 -1.6135E+00
  2.0758E+00  7.3308E+00  2.6860E+02  1.5273E+00  1.8549E+00  7.6421E+00 -1.6509E+00
  2.0806E+00  7.3627E+00  2.7683E+02  1.5193E+00  1.8803E+00  7.5902E+00 -1.6795E+00
  2.0854E+00  7.3946E+00  2.8507E+02  1.5112E+00  1.9003E+00  7.5516E+00 -1.7012E+00
  2.0902E+00  7.4266E+00  2.9332E+02  1.5030E+00  1.9159E+00  7.5229E+00 -1.7175E+00
  2.0950E+00  7.4586E+00  3.0158E+02  1.4948E+00  1.9280E+00  7.5017E+00 -1.7296E+00
  2.0998E+00  7.4905E+00  3.0985E+02  1.4865E+00  1.9376E+00  7.4857E+00 -1.7386E+00
  2.0999E+00  7.4915E+00  3.1011E+02  1.4862E+00  1.9378E+00  7.4853E+00 -1.7388E+00
  2.1046E+00  7.5225E+00  3.1812E+02  1.4781E+00  1.9451E+00  7.4735E+00 -1.7451E+00
  2.1094E+00  7.5545E+00  3.2639E+02  1.4698E+00  1.9511E+00  7.4641E+00 -1.7496E+00
  2.1141E+00  7.5865E+00  3.3467E+02  1.4614E+00  1.9558E+00  7.4569E+00 -1.7527E+00
  2.1189E+00  7.6185E+00  3.4294E+02  1.4530E+00  1.9595E+00  7.4512E+00 -1.7546E+00
  2.1237E+00  7.6505E+00  3.5121E+02  1.4447E+00  1.9625E+00  7.4466E+00 -1.7556E+00
  2.1285E+00  7.6825E+00  3.5949E+02  1.4363E+00  1.9649E+00  7.4430E+00 -1.7559E+00
  2.1333E+00  7.7145E+00  3.6777E+02  1.4279E+00  1.9669E+00  7.4399E+00 -1.7556E+00
  2.1381E+00  7.7465E+00  3.7604E+02  1.4195E+00  1.9685E+00  7.4375E+00 -1.7548E+00
  2.1428E+00  7.7785E+00  3.8432E+02  1.4112E+00  1.9698E+00  7.4354E+00 -1.7537E+00
  2.1476E+00  7.8105E+00  3.9259E+02  1.4028E+00  1.9787E+00  7.4333E+00 -1.7610E+00
  2.1524E+00  7.8425E+00  4.0087E+02  1.3944E+00  1.9821E+00  7.4421E+00 -1.7615E+00
  2.1573E+00  7.8753E+00  4.0934E+02  1.3858E+00  1.9821E+00  7.4417E+00 -1.7586E+00
  2.1621E+00  7.9073E+00  4.1762E+02  1.3774E+00  1.9821E+00  7.4413E+00 -1.7557E+00
  2.1669E+00  7.9393E+00  4.2589E+02  1.3690E+00  1.9821E+00  7.4409E+00 -1.7528E+00
  2.1716E+00  7.9713E+00  4.3417E+02  1.3607E+00  1.9821E+00  7.4405E+00 -1.7498E+00
  2.1764E+00  8.0033E+00  4.4245E+02  1.3524E+00  1.9821E+00  7.4401E+00 -1.7467E+00
  2.1812E+00  8.0353E+00  4.5072E+02  1.3440E+00  1.9821E+00  7.4398E+00 -1.7436E+00
  2.1860E+00  8.0673E+00  4.5900E+02  1.3357E+00  1.9821E+00  7.4394E+00 -1.7405E+00
  2.1908E+00  8.0993E+00  4.6728E+02  1.3274E+00  1.9821E+00  7.4391E+00 -1.7373E+00
  2.1957E+00  8.1320E+00  4.7573E+02  1.3190E+00  1.9821E+00  7.4388E+00 -1.7339E+00
  2.2000E+00  8.1610E+00  4.8323E+02  1.3115E+00  1.9821E+00  7.4386E+00 -1.7309E+00
  2.2004E+00  8.1640E+00  4.8401E+02  1.3107E+00  1.9821E+00  7.4385E+00 -1.7306E+00
  2.2052E+00  8.1960E+00  4.9228E+02  1.3025E+00  1.9821E+00  7.4383E+00 -1.7272E+00
  2.2100E+00  8.2280E+00  5.0056E+02  1.2943E+00  1.9821E+00  7.4380E+00 -1.7237E+00
  2.2148E+00  8.2600E+00  5.0884E+02  1.2861E+00  1.9821E+00  7.4378E+00 -1.7202E+00
  2.2196E+00  8.2920E+00  5.1712E+02  1.2779E+00  1.9821E+00  7.4376E+00 -1.7165E+00
  2.2243E+00  8.3240E+00  5.2539E+02  1.2697E+00  1.9821E+00  7.4374E+00 -1.7129E+00
  2.2291E+00  8.3560E+00  5.3367E+02  1.2616E+00  1.9821E+00  7.4372E+00 -1.7091E+00
  2.2340E+00  8.3886E+00  5.4212E+02  1.2533E+00  1.9821E+00  7.4370E+00 -1.7052E+00
  2.2388E+00  8.4206E+00  5.5040E+02  1.2452E+00  1.9821E+00  7.4369E+00 -1.7013E+00
  2.2436E+00  8.4526E+00  5.5867E+02  1.2371E+00  1.9821E+00  7.4368E+00 -1.6973E+00
  2.2483E+00  8.4846E+00  5.6695E+02  1.2290E+00  1.9821E+00  7.4367E+00 -1.6932E+00
  2.2500E+00  8.4956E+00  5.6980E+02  1.2262E+00  1.9821E+00  7.4366E+00 -1.6918E+00
  2.2531E+00  8.5166E+00  5.7523E+02  1.2209E+00  1.9821E+00  7.4366E+00 -1.6891E+00
  2.2579E+00  8.5486E+00  5.8351E+02  1.2129E+00  1.9821E+00  7.4365E+00 -1.6849E+00
  2.2627E+00  8.5806E+00  5.9178E+02  1.2049E+00  1.9821E+00  7.4364E+00 -1.6806E+00
  2.2675E+00  8.6126E+00  6.0006E+02  1.1969E+00  1.9821E+00  7.4364E+00 -1.6761E+00
  2.2724E+00  8.6453E+00  6.0851E+02  1.1888E+00  1.9821E+00  7.4364E+00 -1.6716E+00
  2.2771E+00  8.6773E+00  6.1679E+02  1.1808E+00  1.9821E+00  7.4364E+00 -1.6670E+00
  2.2819E+00  8.7093E+00  6.2507E+02  1.1729E+00  1.9821E+00  7.4364E+00 -1.6623E+00
  2.2867E+00  8.7413E+00  6.3334E+02  1.1650E+00  1.9821E+00  7.4364E+00 -1.6575E+00
  2.2915E+00  8.7733E+00  6.4162E+02  1.1571E+00  1.9821E+00  7.4365E+00 -1.6526E+00
  2.2963E+00  8.8053E+00  6.4990E+02  1.1493E+00  1.9821E+00  7.4366E+00 -1.6477E+00
  2.3000E+00  8.8303E+00  6.5636E+02  1.1432E+00  1.9821E+00  7.4366E+00 -1.6437E+00
  2.3010E+00  8.8373E+00  6.5817E+02  1.1415E+00  1.9821E+00  7.4366E+00 -1.6426E+00
  2.3058E+00  8.8693E+00  6.6645E+02  1.1337E+00  1.9821E+00  7.4367E+00 -1.6374E+00
  2.3107E+00  8.9020E+00  6.7490E+02  1.1257E+00  1.9821E+00  7.4369E+00 -1.6320E+00
  2.3155E+00  8.9340E+00  6.8318E+02  1.1180E+00  1.9821E+00  7.4370E+00 -1.6266E+00
  2.3200E+00  8.9640E+00  6.9094E+02  1.1107E+00  1.9821E+00  7.4371E+00 -1.6214E+00
  2.3203E+00  8.9660E+00  6.9146E+02  1.1103E+00  1.9821E+00  7.4371E+00 -1.6210E+00
  2.3251E+00  8.9980E+00  6.9973E+02  1.1026E+00  1.9821E+00  7.4373E+00 -1.6154E+00
  2.3298E+00  9.0300E+00  7.0801E+02  1.0949E+00  1.9821E+00  7.4375E+00 -1.6096E+00
  2.3346E+00  9.0620E+00  7.1629E+02  1.0873E+00  1.9821E+00  7.4377E+00 -1.6037E+00
  2.3394E+00  9.0940E+00  7.2456E+02  1.0797E+00  1.9821E+00  7.4379E+00 -1.5977E+00
  2.3442E+00  9.1260E+00  7.3284E+02  1.0721E+00  1.9821E+00  7.4382E+00 -1.5916E+00
  2.3491E+00  9.1587E+00  7.4129E+02  1.0644E+00  1.9821E+00  7.4384E+00 -1.5851E+00
  2.3500E+00  9.1647E+00  7.4284E+02  1.0630E+00  1.9821E+00  7.4385E+00 -1.5839E+00
  2.3538E+00  9.1907E+00  7.4957E+02  1.0569E+00  1.9821E+00  7.4387E+00 -1.5787E+00
  2.3586E+00  9.2227E+00  7.5785E+02  1.0494E+00  1.9821E+00  7.4390E+00 -1.5722E+00
  2.3634E+00  9.2547E+00  7.6612E+02  1.0419E+00  1.9821E+00  7.4393E+00 -1.5655E+00
  2.3682E+00  9.2867E+00  7.7440E+02  1.0345E+00  1.9821E+00  7.4397E+00 -1.5586E+00
  2.3730E+00  9.3187E+00  7.8268E+02  1.0271E+00  1.9821E+00  7.4400E+00 -1.5516E+00
  2.3777E+00  9.3507E+00  7.9095E+02  1.0198E+00  1.9821E+00  7.4404E+00 -1.5445E+00
  2.3825E+00  9.3827E+00  7.9923E+02  1.0125E+00  1.9821E+00  7.4407E+00 -1.5371E+00
  2.3874E+00  9.4153E+00  8.0768E+02  1.0050E+00  1.9821E+00  7.4411E+00 -1.5295E+00
  2.3970E+00  9.4795E+00  8.2428E+02  9.9056E-01  1.9821E+00  7.4420E+00 -1.5140E+00
