 -1.4624E-20  0.0000E+00 -6.4516E-19  2.3787E-01  3.9646E-02  1.1073E-01 -2.5831E-36
  4.7794E-03  1.6000E-02 -6.4642E-19  2.3787E-01  3.9646E-02  1.1073E-01  3.1580E-05
  9.5588E-03  3.2000E-02 -6.4978E-19  2.3787E-01  3.9646E-02  1.1073E-01  6.3160E-05
  1.4338E-02  4.8000E-02 -6.7456E-19  2.3787E-01  3.9646E-02  1.1073E-01  9.4740E-05
  1.9118E-02  6.4000E-02 -6.4768E-19  2.3787E-01  3.9646E-02  1.1073E-01  1.2632E-04
  2.3897E-02  8.0000E-02 -6.9220E-19  2.3787E-01  3.9646E-02  1.1073E-01  1.5790E-04
  2.8676E-02  9.6000E-02 -6.9556E-19  2.3788E-01  3.9646E-02  1.1073E-01  1.8948E-04
  3.3558E-02  1.1234E-01 -7.1908E-19  2.3788E-01  3.9646E-02  1.1073E-01  2.2173E-04
  3.8337E-02  1.2834E-01 -6.7036E-19  2.3788E-01  3.9646E-02  1.1073E-01  2.5331E-04
  4.3117E-02  1.4434E-01 -7.5269E-19  2.3788E-01  3.9646E-02  1.1073E-01  2.8489E-04
  4.7896E-02  1.6034E-01 -7.9301E-19  2.3788E-01  3.9646E-02  1.1073E-01  3.1647E-04
  5.2676E-02  1.7634E-01 -7.9469E-19  2.3788E-01  3.9646E-02  1.1073E-01  3.4804E-04
  5.7455E-02  1.9234E-01 -7.3589E-19  2.3788E-01  3.9646E-02  1.1073E-01  3.7962E-04
  6.2234E-02  2.0834E-01 -6.2836E-19  2.3789E-01  3.9646E-02  1.1073E-01  4.1120E-04
  6.7116E-02  2.2469E-01 -7.1908E-19  2.3789E-01  3.9646E-02  1.1073E-01  4.4345E-04
  7.1895E-02  2.4069E-01 -8.8037E-19  2.3789E-01  3.9646E-02  1.1073E-01  4.7502E-04
  7.6675E-02  2.5669E-01 -6.6532E-19  2.3789E-01  3.9646E-02  1.1073E-01  5.0659E-04
  8.1454E-02  2.7269E-01 -7.4261E-19  2.3789E-01  3.9646E-02  1.1073E-01  5.3817E-04
  8.6234E-02  2.8869E-01 -7.3589E-19  2.3790E-01  3.9646E-02  1.1073E-01  5.6974E-04
  9.1013E-02  3.0469E-01 -9.9126E-19  2.3790E-01  3.9646E-02  1.1073E-01  6.0131E-04
  9.5792E-02  3.2069E-01 -7.3252E-19  2.3790E-01  3.9646E-02  1.1073E-01  6.3287E-04
  1.0067E-01  3.3703E-01 -7.4597E-19  2.3791E-01  3.9646E-02  1.1073E-01  6.6512E-04
  1.0545E-01  3.5303E-01 -7.2580E-19  2.3791E-01  3.9646E-02  1.1073E-01  6.9668E-04
  1.1023E-01  3.6903E-01 -6.7876E-19  2.3791E-01  3.9646E-02  1.1073E-01  7.2825E-04
  1.1501E-01  3.8503E-01 -7.9973E-19  2.3792E-01  3.9646E-02  1.1073E-01  7.5981E-04
  1.1979E-01  4.0103E-01 -7.9301E-19  2.3792E-01  3.9646E-02  1.1073E-01  7.9137E-04
  1.2457E-01  4.1703E-01 -9.6102E-19  2.3792E-01  3.9646E-02  1.1073E-01  8.2294E-04
  1.2935E-01  4.3303E-01 -7.6613E-19  2.3793E-01  3.9646E-02  1.1073E-01  8.5449E-04
  1.3423E-01  4.4937E-01 -7.5941E-19  2.3793E-01  3.9646E-02  1.1073E-01  8.8673E-04
  1.3901E-01  4.6537E-01 -5.7796E-19  2.3794E-01  3.9646E-02  1.1073E-01  9.1828E-04
  1.4379E-01  4.8137E-01 -6.2500E-19  2.3794E-01  3.9646E-02  1.1073E-01  9.4984E-04
  1.4857E-01  4.9737E-01 -8.0645E-19  2.3795E-01  3.9646E-02  1.1073E-01  9.8139E-04
  1.5335E-01  5.1337E-01 -9.6102E-19  2.3795E-01  3.9646E-02  1.1073E-01  1.0129E-03
  1.5813E-01  5.2937E-01 -8.4005E-19  2.3796E-01  3.9646E-02  1.1073E-01  1.0445E-03
  1.6291E-01  5.4537E-01 -7.2580E-19  2.3796E-01  3.9646E-02  1.1073E-01  1.0760E-03
  1.6779E-01  5.6171E-01 -6.1156E-19  2.3797E-01  3.9646E-02  1.1073E-01  1.1083E-03
  1.7257E-01  5.7771E-01 -2.5538E-19  2.3797E-01  3.9646E-02  1.1073E-01  1.1398E-03
  1.7735E-01  5.9371E-01 -8.6693E-19  2.3798E-01  3.9646E-02  1.1073E-01  1.1713E-03
  1.8213E-01  6.0971E-01 -4.8387E-19  2.3798E-01  3.9646E-02  1.1073E-01  1.2029E-03
  1.8691E-01  6.2571E-01 -9.1398E-19  2.3799E-01  3.9646E-02  1.1073E-01  1.2344E-03
  1.9169E-01  6.4171E-01 -9.9462E-19  2.3799E-01  3.9646E-02  1.1073E-01  1.2659E-03
  1.9647E-01  6.5771E-01 -8.5349E-19  2.3800E-01  3.9646E-02  1.1073E-01  1.2975E-03
  2.0135E-01  6.7406E-01 -1.1895E-18  2.3801E-01  3.9646E-02  1.1073E-01  1.3297E-03
  2.0613E-01  6.9006E-01 -1.1021E-18  2.3801E-01  3.9646E-02  1.1073E-01  1.3612E-03
  2.1091E-01  7.0606E-01 -9.5430E-19  2.3802E-01  3.9646E-02  1.1073E-01  1.3927E-03
  2.1569E-01  7.2206E-01 -1.2298E-18  2.3803E-01  3.9646E-02  1.1073E-01  1.4242E-03
  2.2047E-01  7.3806E-01 -1.4247E-18  2.3803E-01  3.9646E-02  1.1073E-01  1.4558E-03
  2.2524E-01  7.5406E-01 -1.5995E-18  2.3804E-01  3.9646E-02  1.1073E-01  1.4873E-03
  2.3002E-01  7.7006E-01 -1.3038E-18  2.3805E-01  3.9646E-02  1.1073E-01  1.5188E-03
  2.3491E-01  7.8640E-01 -1.7070E-18  2.3806E-01  3.9646E-02  1.1073E-01  1.5510E-03
  2.3969E-01  8.0240E-01 -1.5995E-18  2.3806E-01  3.9646E-02  1.1073E-01  1.5825E-03
  2.4446E-01  8.1840E-01 -1.4516E-18  2.3807E-01  3.9646E-02  1.1073E-01  1.6140E-03
  2.4924E-01  8.3440E-01 -1.3306E-18  2.3808E-01  3.9646E-02  1.1073E-01  1.6455E-03
  2.5402E-01  8.5040E-01 -1.4113E-18  2.3809E-01  3.9646E-02  1.1073E-01  1.6770E-03
  2.5880E-01  8.6640E-01 -1.4247E-18  2.3809E-01  3.9646E-02  1.1073E-01  1.7085E-03
  2.6358E-01  8.8240E-01 -2.0296E-18  2.3810E-01  3.9646E-02  1.1073E-01  1.7400E-03
  2.6846E-01  8.9874E-01 -1.6129E-18  2.3811E-01  3.9646E-02  1.1073E-01  1.7721E-03
  2.7324E-01  9.1474E-01 -1.5860E-18  2.3812E-01  3.9646E-02  1.1073E-01  1.8036E-03
  2.7802E-01  9.3074E-01 -1.5995E-18  2.3813E-01  3.9646E-02  1.1073E-01  1.8351E-03
  2.8280E-01  9.4674E-01 -2.0968E-18  2.3814E-01  3.9646E-02  1.1073E-01  1.8666E-03
  2.8758E-01  9.6274E-01 -2.3925E-18  2.3815E-01  3.9646E-02  1.1073E-01  1.8980E-03
  2.9236E-01  9.7874E-01 -2.1640E-18  2.3816E-01  3.9646E-02  1.1073E-01  1.9295E-03
  2.9714E-01  9.9474E-01 -1.9489E-18  2.3816E-01  3.9646E-02  1.1073E-01  1.9610E-03
  3.0202E-01  1.0111E+00 -2.2849E-18  2.3817E-01  3.9646E-02  1.1073E-01  1.9931E-03
  3.0680E-01  1.0271E+00 -1.7339E-18  2.3818E-01  3.9646E-02  1.1073E-01  2.0246E-03
  3.1158E-01  1.0431E+00 -3.2124E-18  2.3819E-01  3.9646E-02  1.1073E-01  2.0560E-03
  3.1636E-01  1.0591E+00 -2.0968E-18  2.3820E-01  3.9646E-02  1.1073E-01  2.0875E-03
  3.2114E-01  1.0751E+00 -2.0968E-18  2.3821E-01  3.9646E-02  1.1073E-01  2.1189E-03
  3.2592E-01  1.0911E+00 -1.4516E-18  2.3822E-01  3.9646E-02  1.1073E-01  2.1504E-03
  3.3070E-01  1.1071E+00 -1.6935E-18  2.3823E-01  3.9646E-02  1.1073E-01  2.1818E-03
  3.3558E-01  1.1234E+00 -1.6532E-18  2.3824E-01  3.9646E-02  1.1073E-01  2.2139E-03
  3.4036E-01  1.1394E+00 -2.1371E-18  2.3826E-01  3.9646E-02  1.1073E-01  2.2453E-03
  3.4514E-01  1.1554E+00 -2.5403E-18  2.3827E-01  3.9646E-02  1.1073E-01  2.2768E-03
  3.4992E-01  1.1714E+00 -1.9758E-18  2.3828E-01  3.9646E-02  1.1073E-01  2.3082E-03
  3.5470E-01  1.1874E+00 -2.3387E-18  2.3829E-01  3.9646E-02  1.1073E-01  2.3396E-03
  3.5948E-01  1.2034E+00 -2.2581E-18  2.3830E-01  3.9646E-02  1.1073E-01  2.3710E-03
  3.6426E-01  1.2194E+00 -3.7769E-18  2.3831E-01  3.9646E-02  1.1073E-01  2.4024E-03
  3.6914E-01  1.2358E+00 -2.5672E-18  2.3832E-01  3.9646E-02  1.1073E-01  2.4345E-03
  3.7392E-01  1.2518E+00 -2.6747E-18  2.3833E-01  3.9646E-02  1.1073E-01  2.4659E-03
  3.7870E-01  1.2678E+00 -3.3736E-18  2.3835E-01  3.9646E-02  1.1073E-01  2.4973E-03
  3.8348E-01  1.2838E+00 -3.0511E-18  2.3836E-01  3.9646E-02  1.1073E-01  2.5287E-03
  3.8826E-01  1.2998E+00 -2.8495E-18  2.3837E-01  3.9646E-02  1.1073E-01  2.5601E-03
  3.9303E-01  1.3158E+00 -3.4140E-18  2.3838E-01  3.9646E-02  1.1073E-01  2.5915E-03
  3.9781E-01  1.3318E+00 -3.3736E-18  2.3840E-01  3.9646E-02  1.1073E-01  2.6228E-03
  4.0270E-01  1.3481E+00 -3.1720E-18  2.3841E-01  3.9646E-02  1.1073E-01  2.6549E-03
  4.0748E-01  1.3641E+00 -3.7500E-18  2.3842E-01  3.9646E-02  1.1073E-01  2.6862E-03
  4.1225E-01  1.3801E+00 -3.0779E-18  2.3843E-01  3.9646E-02  1.1073E-01  2.7176E-03
  4.1703E-01  1.3961E+00 -3.1048E-18  2.3845E-01  3.9646E-02  1.1073E-01  2.7490E-03
  4.2181E-01  1.4121E+00 -3.3199E-18  2.3846E-01  3.9646E-02  1.1073E-01  2.7803E-03
  4.2659E-01  1.4281E+00 -4.3414E-18  2.3847E-01  3.9646E-02  1.1073E-01  2.8117E-03
  4.3137E-01  1.4441E+00 -4.0726E-18  2.3849E-01  3.9646E-02  1.1073E-01  2.8430E-03
  4.3625E-01  1.4605E+00 -4.1801E-18  2.3850E-01  3.9646E-02  1.1073E-01  2.8750E-03
  4.4103E-01  1.4765E+00 -4.3548E-18  2.3851E-01  3.9646E-02  1.1073E-01  2.9063E-03
  4.4581E-01  1.4925E+00 -4.8118E-18  2.3853E-01  3.9646E-02  1.1073E-01  2.9376E-03
  4.5059E-01  1.5085E+00 -4.7043E-18  2.3854E-01  3.9646E-02  1.1073E-01  2.9690E-03
  4.5537E-01  1.5245E+00 -4.7849E-18  2.3856E-01  3.9646E-02  1.1073E-01  3.0003E-03
  4.6015E-01  1.5405E+00 -4.6505E-18  2.3857E-01  3.9646E-02  1.1073E-01  3.0316E-03
  4.6493E-01  1.5565E+00 -3.6021E-18  2.3859E-01  3.9646E-02  1.1073E-01  3.0629E-03
  4.6981E-01  1.5728E+00 -5.3226E-18  2.3860E-01  3.9646E-02  1.1073E-01  3.0948E-03
  4.7459E-01  1.5888E+00 -4.4624E-18  2.3862E-01  3.9646E-02  1.1073E-01  3.1261E-03
  4.7937E-01  1.6048E+00 -4.4892E-18  2.3863E-01  3.9646E-02  1.1073E-01  3.1574E-03
  4.8415E-01  1.6208E+00 -4.7849E-18  2.3865E-01  3.9646E-02  1.1073E-01  3.1887E-03
  4.8893E-01  1.6368E+00 -5.0806E-18  2.3866E-01  3.9646E-02  1.1073E-01  3.2200E-03
  4.9371E-01  1.6528E+00 -5.6451E-18  2.3868E-01  3.9646E-02  1.1073E-01  3.2512E-03
  4.9849E-01  1.6688E+00 -6.1021E-18  2.3869E-01  3.9646E-02  1.1073E-01  3.2825E-03
  4.9998E-01  1.6738E+00 -5.8602E-18  2.3870E-01  3.9646E-02  1.1073E-01  3.2923E-03
  5.0337E-01  1.6851E+00 -6.1559E-18  2.3871E-01  3.9646E-02  1.1073E-01  3.3144E-03
  5.0815E-01  1.7011E+00 -5.4301E-18  2.3872E-01  3.9646E-02  1.1073E-01  3.3457E-03
  5.1293E-01  1.7171E+00 -6.2634E-18  2.3874E-01  3.9646E-02  1.1073E-01  3.3769E-03
  5.1771E-01  1.7331E+00 -5.3494E-18  2.3876E-01  3.9646E-02  1.1073E-01  3.4081E-03
  5.2249E-01  1.7491E+00 -5.5376E-18  2.3877E-01  3.9646E-02  1.1073E-01  3.4394E-03
  5.2727E-01  1.7651E+00 -5.7258E-18  2.3879E-01  3.9646E-02  1.1073E-01  3.4706E-03
  5.3205E-01  1.7811E+00 -5.6451E-18  2.3881E-01  3.9646E-02  1.1073E-01  3.5018E-03
  5.3693E-01  1.7975E+00 -5.8871E-18  2.3882E-01  3.9646E-02  1.1073E-01  3.5337E-03
  5.4171E-01  1.8135E+00 -6.2365E-18  2.3884E-01  3.9646E-02  1.1073E-01  3.5649E-03
  5.4649E-01  1.8295E+00 -5.8871E-18  2.3886E-01  3.9646E-02  1.1073E-01  3.5961E-03
  5.5127E-01  1.8455E+00 -5.8333E-18  2.3887E-01  3.9646E-02  1.1073E-01  3.6273E-03
  5.5605E-01  1.8615E+00 -5.6451E-18  2.3889E-01  3.9646E-02  1.1073E-01  3.6584E-03
  5.6082E-01  1.8775E+00 -5.1075E-18  2.3891E-01  3.9646E-02  1.1073E-01  3.6896E-03
  5.6560E-01  1.8935E+00 -6.5322E-18  2.3893E-01  3.9646E-02  1.1073E-01  3.7208E-03
  5.7049E-01  1.9098E+00 -6.3441E-18  2.3895E-01  3.9646E-02  1.1073E-01  3.7526E-03
  5.7527E-01  1.9258E+00 -5.5107E-18  2.3896E-01  3.9646E-02  1.1073E-01  3.7838E-03
  5.8004E-01  1.9418E+00 -7.0430E-18  2.3898E-01  3.9646E-02  1.1073E-01  3.8149E-03
  5.8482E-01  1.9578E+00 -7.9032E-18  2.3900E-01  3.9646E-02  1.1073E-01  3.8460E-03
  5.8960E-01  1.9738E+00 -7.5537E-18  2.3902E-01  3.9646E-02  1.1073E-01  3.8772E-03
  5.9438E-01  1.9898E+00 -7.6344E-18  2.3904E-01  3.9646E-02  1.1073E-01  3.9083E-03
  5.9916E-01  2.0058E+00 -9.0591E-18  2.3906E-01  3.9646E-02  1.1073E-01  3.9394E-03
  6.0404E-01  2.0222E+00 -6.9355E-18  2.3908E-01  3.9646E-02  1.1073E-01  3.9712E-03
  6.0882E-01  2.0382E+00 -7.8226E-18  2.3909E-01  3.9646E-02  1.1073E-01  4.0023E-03
  6.1360E-01  2.0542E+00 -8.5484E-18  2.3911E-01  3.9646E-02  1.1073E-01  4.0334E-03
  6.1838E-01  2.0702E+00 -7.4193E-18  2.3913E-01  3.9646E-02  1.1073E-01  4.0645E-03
  6.2316E-01  2.0862E+00 -6.9086E-18  2.3915E-01  3.9646E-02  1.1073E-01  4.0956E-03
  6.2794E-01  2.1022E+00 -7.2312E-18  2.3917E-01  3.9646E-02  1.1073E-01  4.1266E-03
  6.3272E-01  2.1182E+00 -7.5269E-18  2.3919E-01  3.9646E-02  1.1073E-01  4.1577E-03
  6.3760E-01  2.1345E+00 -8.4946E-18  2.3921E-01  3.9646E-02  1.1073E-01  4.1894E-03
  6.4238E-01  2.1505E+00 -7.9838E-18  2.3923E-01  3.9646E-02  1.1073E-01  4.2205E-03
  6.4716E-01  2.1665E+00 -6.9355E-18  2.3925E-01  3.9646E-02  1.1073E-01  4.2515E-03
  6.5194E-01  2.1825E+00 -8.6828E-18  2.3927E-01  3.9646E-02  1.1073E-01  4.2825E-03
  6.5672E-01  2.1985E+00 -8.9516E-18  2.3929E-01  3.9646E-02  1.1073E-01  4.3136E-03
  6.6150E-01  2.2145E+00 -8.5752E-18  2.3931E-01  3.9646E-02  1.1073E-01  4.3446E-03
  6.6628E-01  2.2305E+00 -8.0645E-18  2.3934E-01  3.9646E-02  1.1073E-01  4.3756E-03
  6.7116E-01  2.2469E+00 -7.2312E-18  2.3936E-01  3.9646E-02  1.1073E-01  4.4073E-03
  6.7594E-01  2.2629E+00 -7.4193E-18  2.3938E-01  3.9646E-02  1.1073E-01  4.4383E-03
  6.8072E-01  2.2789E+00 -9.9193E-18  2.3940E-01  3.9646E-02  1.1073E-01  4.4692E-03
  6.8550E-01  2.2949E+00 -8.2795E-18  2.3942E-01  3.9646E-02  1.1073E-01  4.5002E-03
  6.9028E-01  2.3109E+00 -8.3871E-18  2.3944E-01  3.9646E-02  1.1073E-01  4.5312E-03
  6.9506E-01  2.3269E+00 -7.9838E-18  2.3946E-01  3.9646E-02  1.1073E-01  4.5621E-03
  6.9984E-01  2.3429E+00 -8.8172E-18  2.3949E-01  3.9646E-02  1.1073E-01  4.5931E-03
  7.0472E-01  2.3592E+00 -9.3279E-18  2.3951E-01  3.9646E-02  1.1073E-01  4.6247E-03
  7.0950E-01  2.3752E+00 -1.1935E-17  2.3953E-01  3.9646E-02  1.1073E-01  4.6556E-03
  7.1428E-01  2.3912E+00 -7.9838E-18  2.3955E-01  3.9646E-02  1.1073E-01  4.6866E-03
  7.1906E-01  2.4072E+00 -1.0699E-17  2.3958E-01  3.9646E-02  1.1073E-01  4.7175E-03
  7.2384E-01  2.4232E+00 -1.0108E-17  2.3960E-01  3.9646E-02  1.1073E-01  4.7484E-03
  7.2861E-01  2.4392E+00 -9.6236E-18  2.3962E-01  3.9646E-02  1.1073E-01  4.7793E-03
  7.3339E-01  2.4552E+00 -9.5430E-18  2.3964E-01  3.9646E-02  1.1073E-01  4.8102E-03
  7.3828E-01  2.4715E+00 -1.0108E-17  2.3967E-01  3.9646E-02  1.1073E-01  4.8417E-03
  7.4306E-01  2.4875E+00 -9.5430E-18  2.3969E-01  3.9646E-02  1.1073E-01  4.8726E-03
  7.4783E-01  2.5035E+00 -9.7043E-18  2.3971E-01  3.9646E-02  1.1073E-01  4.9034E-03
  7.5261E-01  2.5195E+00 -9.3817E-18  2.3974E-01  3.9646E-02  1.1073E-01  4.9343E-03
  7.5739E-01  2.5355E+00 -9.4355E-18  2.3976E-01  3.9646E-02  1.1073E-01  4.9651E-03
  7.6217E-01  2.5515E+00 -9.5967E-18  2.3978E-01  3.9646E-02  1.1073E-01  4.9960E-03
  7.6695E-01  2.5675E+00 -9.2473E-18  2.3981E-01  3.9646E-02  1.1073E-01  5.0268E-03
  7.7183E-01  2.5839E+00 -8.9785E-18  2.3983E-01  3.9646E-02  1.1073E-01  5.0583E-03
  7.7661E-01  2.5999E+00 -9.4623E-18  2.3986E-01  3.9646E-02  1.1073E-01  5.0891E-03
  7.8139E-01  2.6159E+00 -8.8709E-18  2.3988E-01  3.9646E-02  1.1073E-01  5.1199E-03
  7.8617E-01  2.6319E+00 -9.2204E-18  2.3991E-01  3.9646E-02  1.1073E-01  5.1507E-03
  7.9095E-01  2.6479E+00 -9.7580E-18  2.3993E-01  3.9646E-02  1.1073E-01  5.1815E-03
  7.9573E-01  2.6639E+00 -8.1183E-18  2.3996E-01  3.9646E-02  1.1073E-01  5.2122E-03
  8.0051E-01  2.6799E+00 -9.2204E-18  2.3998E-01  3.9646E-02  1.1073E-01  5.2430E-03
  8.0539E-01  2.6962E+00 -9.0591E-18  2.4001E-01  3.9646E-02  1.1073E-01  5.2744E-03
  8.1017E-01  2.7122E+00 -9.4892E-18  2.4003E-01  3.9646E-02  1.1073E-01  5.3051E-03
  8.1495E-01  2.7282E+00 -9.5967E-18  2.4006E-01  3.9646E-02  1.1073E-01  5.3359E-03
  8.1973E-01  2.7442E+00 -8.7097E-18  2.4008E-01  3.9646E-02  1.1073E-01  5.3666E-03
  8.2451E-01  2.7602E+00 -9.1935E-18  2.4011E-01  3.9646E-02  1.1073E-01  5.3973E-03
  8.2929E-01  2.7762E+00 -9.8924E-18  2.4013E-01  3.9646E-02  1.1073E-01  5.4280E-03
  8.3407E-01  2.7922E+00 -1.0269E-17  2.4016E-01  3.9646E-02  1.1073E-01  5.4587E-03
  8.3895E-01  2.8086E+00 -1.0349E-17  2.4019E-01  3.9646E-02  1.1073E-01  5.4900E-03
  8.4373E-01  2.8246E+00 -8.3602E-18  2.4021E-01  3.9646E-02  1.1073E-01  5.5207E-03
  8.4851E-01  2.8406E+00 -8.8709E-18  2.4024E-01  3.9646E-02  1.1073E-01  5.5514E-03
  8.5329E-01  2.8566E+00 -1.0591E-17  2.4027E-01  3.9646E-02  1.1073E-01  5.5820E-03
  8.5807E-01  2.8726E+00 -8.1183E-18  2.4029E-01  3.9646E-02  1.1073E-01  5.6126E-03
  8.6285E-01  2.8886E+00 -9.8387E-18  2.4032E-01  3.9646E-02  1.1073E-01  5.6433E-03
  8.6763E-01  2.9046E+00 -9.5430E-18  2.4035E-01  3.9646E-02  1.1073E-01  5.6739E-03
  8.7251E-01  2.9209E+00 -9.8656E-18  2.4037E-01  3.9646E-02  1.1073E-01  5.7052E-03
  8.7729E-01  2.9369E+00 -1.0269E-17  2.4040E-01  3.9646E-02  1.1073E-01  5.7358E-03
  8.8207E-01  2.9529E+00 -9.7312E-18  2.4043E-01  3.9646E-02  1.1073E-01  5.7664E-03
  8.8685E-01  2.9689E+00 -1.0269E-17  2.4046E-01  3.9646E-02  1.1073E-01  5.7969E-03
  8.9163E-01  2.9849E+00 -9.7312E-18  2.4049E-01  3.9646E-02  1.1073E-01  5.8275E-03
  8.9640E-01  3.0009E+00 -8.7097E-18  2.4051E-01  3.9646E-02  1.1073E-01  5.8581E-03
  9.0118E-01  3.0169E+00 -9.8387E-18  2.4054E-01  3.9646E-02  1.1073E-01  5.8886E-03
  9.0607E-01  3.0333E+00 -9.5699E-18  2.4057E-01  3.9646E-02  1.1073E-01  5.9198E-03
  9.1085E-01  3.0493E+00 -1.0323E-17  2.4060E-01  3.9646E-02  1.1073E-01  5.9503E-03
  9.1562E-01  3.0653E+00 -9.6774E-18  2.4063E-01  3.9646E-02  1.1073E-01  5.9808E-03
  9.2040E-01  3.0813E+00 -9.1398E-18  2.4066E-01  3.9646E-02  1.1073E-01  6.0113E-03
  9.2518E-01  3.0973E+00 -1.0269E-17  2.4068E-01  3.9646E-02  1.1073E-01  6.0418E-03
  9.2996E-01  3.1133E+00 -9.8924E-18  2.4071E-01  3.9646E-02  1.1073E-01  6.0723E-03
  9.3474E-01  3.1293E+00 -8.7634E-18  2.4074E-01  3.9646E-02  1.1073E-01  6.1028E-03
  9.3962E-01  3.1456E+00 -9.8387E-18  2.4077E-01  3.9646E-02  1.1073E-01  6.1339E-03
  9.4440E-01  3.1616E+00 -1.0269E-17  2.4080E-01  3.9646E-02  1.1073E-01  6.1643E-03
  9.4918E-01  3.1776E+00 -8.4408E-18  2.4083E-01  3.9646E-02  1.1073E-01  6.1948E-03
  9.5396E-01  3.1936E+00 -1.0806E-17  2.4086E-01  3.9646E-02  1.1073E-01  6.2252E-03
  9.5874E-01  3.2096E+00 -1.0645E-17  2.4089E-01  3.9646E-02  1.1073E-01  6.2556E-03
  9.6352E-01  3.2256E+00 -8.9247E-18  2.4092E-01  3.9646E-02  1.1073E-01  6.2860E-03
  9.6830E-01  3.2416E+00 -9.3548E-18  2.4095E-01  3.9646E-02  1.1073E-01  6.3164E-03
  9.7318E-01  3.2579E+00 -9.8924E-18  2.4098E-01  3.9646E-02  1.1073E-01  6.3474E-03
  9.7796E-01  3.2739E+00 -9.4086E-18  2.4101E-01  3.9646E-02  1.1073E-01  6.3778E-03
  9.8274E-01  3.2899E+00 -7.8494E-18  2.4104E-01  3.9646E-02  1.1073E-01  6.4082E-03
  9.8752E-01  3.3059E+00 -1.0269E-17  2.4107E-01  3.9646E-02  1.1073E-01  6.4385E-03
  9.9230E-01  3.3219E+00 -9.0860E-18  2.4110E-01  3.9646E-02  1.1073E-01  6.4688E-03
  9.9708E-01  3.3379E+00 -9.3011E-18  2.4114E-01  3.9646E-02  1.1073E-01  6.4992E-03
  1.0000E+00  3.3477E+00 -8.3333E-18  2.4115E-01  3.9646E-02  1.1073E-01  6.5177E-03
  1.0019E+00  3.3542E+00 -9.6774E-18  2.4117E-01  3.9646E-02  1.1073E-01  6.5300E-03
  1.0067E+00  3.3702E+00 -9.8924E-18  2.4120E-01  3.9646E-02  1.1073E-01  6.5603E-03
  1.0115E+00  3.3862E+00 -1.0914E-17  2.4123E-01  3.9646E-02  1.1073E-01  6.5906E-03
  1.0163E+00  3.4022E+00 -9.0322E-18  2.4126E-01  3.9646E-02  1.1073E-01  6.6209E-03
  1.0211E+00  3.4182E+00 -1.0591E-17  2.4129E-01  3.9646E-02  1.1073E-01  6.6511E-03
  1.0258E+00  3.4342E+00 -9.9462E-18  2.4132E-01  3.9646E-02  1.1073E-01  6.6814E-03
  1.0306E+00  3.4502E+00 -1.0269E-17  2.4136E-01  3.9646E-02  1.1073E-01  6.7116E-03
  1.0355E+00  3.4666E+00 -9.9462E-18  2.4139E-01  3.9646E-02  1.1073E-01  6.7425E-03
  1.0403E+00  3.4826E+00 -1.0161E-17  2.4142E-01  3.9646E-02  1.1073E-01  6.7727E-03
  1.0451E+00  3.4986E+00 -1.0430E-17  2.4145E-01  3.9646E-02  1.1073E-01  6.8029E-03
  1.0498E+00  3.5146E+00 -1.0430E-17  2.4149E-01  3.9646E-02  1.1073E-01  6.8331E-03
  1.0546E+00  3.5306E+00 -1.0430E-17  2.4152E-01  3.9646E-02  1.1073E-01  6.8633E-03
  1.0594E+00  3.5466E+00 -1.2258E-17  2.4155E-01  3.9646E-02  1.1073E-01  6.8935E-03
  1.0642E+00  3.5626E+00 -9.7849E-18  2.4159E-01  3.9646E-02  1.1073E-01  6.9236E-03
  1.0691E+00  3.5789E+00 -9.8387E-18  2.4162E-01  3.9646E-02  1.1073E-01  6.9544E-03
  1.0738E+00  3.5949E+00 -9.7312E-18  2.4165E-01  3.9646E-02  1.1073E-01  6.9845E-03
  1.0786E+00  3.6109E+00 -9.6774E-18  2.4169E-01  3.9646E-02  1.1073E-01  7.0146E-03
  1.0834E+00  3.6269E+00 -9.4086E-18  2.4172E-01  3.9646E-02  1.1073E-01  7.0447E-03
  1.0882E+00  3.6429E+00 -1.1720E-17  2.4175E-01  3.9646E-02  1.1073E-01  7.0748E-03
  1.0930E+00  3.6589E+00 -9.5699E-18  2.4179E-01  3.9646E-02  1.1073E-01  7.1049E-03
  1.0977E+00  3.6749E+00 -9.6774E-18  2.4182E-01  3.9646E-02  1.1073E-01  7.1350E-03
  1.1026E+00  3.6913E+00 -9.7312E-18  2.4186E-01  3.9646E-02  1.1073E-01  7.1657E-03
  1.1074E+00  3.7073E+00 -9.3548E-18  2.4189E-01  3.9646E-02  1.1073E-01  7.1957E-03
  1.1122E+00  3.7233E+00 -9.5161E-18  2.4193E-01  3.9646E-02  1.1073E-01  7.2257E-03
  1.1170E+00  3.7393E+00 -8.2795E-18  2.4196E-01  3.9646E-02  1.1073E-01  7.2557E-03
  1.1217E+00  3.7553E+00 -7.5269E-18  2.4199E-01  3.9646E-02  1.1073E-01  7.2857E-03
  1.1265E+00  3.7713E+00 -1.0215E-17  2.4203E-01  3.9646E-02  1.1073E-01  7.3157E-03
  1.1313E+00  3.7873E+00 -9.3548E-18  2.4206E-01  3.9646E-02  1.1073E-01  7.3457E-03
  1.1362E+00  3.8036E+00 -9.3011E-18  2.4210E-01  3.9646E-02  1.1073E-01  7.3763E-03
  1.1410E+00  3.8196E+00 -1.0108E-17  2.4214E-01  3.9646E-02  1.1073E-01  7.4063E-03
  1.1457E+00  3.8356E+00 -8.9785E-18  2.4217E-01  3.9646E-02  1.1073E-01  7.4362E-03
  1.1505E+00  3.8516E+00 -9.1398E-18  2.4221E-01  3.9646E-02  1.1073E-01  7.4661E-03
  1.1553E+00  3.8676E+00 -8.1720E-18  2.4224E-01  3.9646E-02  1.1073E-01  7.4960E-03
  1.1601E+00  3.8836E+00 -8.1720E-18  2.4228E-01  3.9646E-02  1.1073E-01  7.5259E-03
  1.1649E+00  3.8996E+00 -1.1021E-17  2.4231E-01  3.9646E-02  1.1073E-01  7.5558E-03
  1.1697E+00  3.9159E+00 -9.7849E-18  2.4235E-01  3.9646E-02  1.1073E-01  7.5863E-03
  1.1745E+00  3.9319E+00 -1.0591E-17  2.4239E-01  3.9646E-02  1.1073E-01  7.6162E-03
  1.1793E+00  3.9479E+00 -1.2581E-17  2.4242E-01  3.9646E-02  1.1073E-01  7.6460E-03
  1.1841E+00  3.9639E+00 -8.1720E-18  2.4246E-01  3.9646E-02  1.1073E-01  7.6758E-03
  1.1889E+00  3.9799E+00 -1.1505E-17  2.4250E-01  3.9646E-02  1.1073E-01  7.7056E-03
  1.1936E+00  3.9959E+00 -1.0430E-17  2.4253E-01  3.9646E-02  1.1073E-01  7.7354E-03
  1.1984E+00  4.0119E+00 -1.1075E-17  2.4257E-01  3.9646E-02  1.1073E-01  7.7652E-03
  1.2033E+00  4.0283E+00 -9.6236E-18  2.4261E-01  3.9646E-02  1.1073E-01  7.7956E-03
  1.2081E+00  4.0443E+00 -1.0914E-17  2.4265E-01  3.9646E-02  1.1073E-01  7.8254E-03
  1.2129E+00  4.0603E+00 -1.0323E-17  2.4268E-01  3.9646E-02  1.1073E-01  7.8551E-03
  1.2176E+00  4.0763E+00 -1.2043E-17  2.4272E-01  3.9646E-02  1.1073E-01  7.8849E-03
  1.2224E+00  4.0923E+00 -9.4623E-18  2.4276E-01  3.9646E-02  1.1073E-01  7.9146E-03
  1.2272E+00  4.1083E+00 -9.9462E-18  2.4280E-01  3.9646E-02  1.1073E-01  7.9443E-03
  1.2320E+00  4.1243E+00 -9.7849E-18  2.4284E-01  3.9646E-02  1.1073E-01  7.9740E-03
  1.2369E+00  4.1406E+00 -1.0376E-17  2.4287E-01  3.9646E-02  1.1073E-01  8.0043E-03
  1.2416E+00  4.1566E+00 -1.3011E-17  2.4291E-01  3.9646E-02  1.1073E-01  8.0340E-03
  1.2464E+00  4.1726E+00 -1.0914E-17  2.4295E-01  3.9646E-02  1.1073E-01  8.0636E-03
  1.2512E+00  4.1886E+00 -8.2795E-18  2.4299E-01  3.9646E-02  1.1073E-01  8.0932E-03
  1.2560E+00  4.2046E+00 -1.2366E-17  2.4303E-01  3.9646E-02  1.1073E-01  8.1229E-03
  1.2607E+00  4.2206E+00 -1.0000E-17  2.4307E-01  3.9646E-02  1.1073E-01  8.1525E-03
  1.2655E+00  4.2366E+00 -8.6021E-18  2.4311E-01  3.9646E-02  1.1073E-01  8.1821E-03
  1.2704E+00  4.2530E+00 -9.1935E-18  2.4315E-01  3.9646E-02  1.1073E-01  8.2123E-03
  1.2752E+00  4.2690E+00 -9.1935E-18  2.4319E-01  3.9646E-02  1.1073E-01  8.2418E-03
  1.2800E+00  4.2850E+00 -9.6774E-18  2.4323E-01  3.9646E-02  1.1073E-01  8.2714E-03
  1.2847E+00  4.3010E+00 -8.6021E-18  2.4327E-01  3.9646E-02  1.1073E-01  8.3009E-03
  1.2895E+00  4.3170E+00 -1.0108E-17  2.4330E-01  3.9646E-02  1.1073E-01  8.3304E-03
  1.2943E+00  4.3330E+00 -8.2795E-18  2.4334E-01  3.9646E-02  1.1073E-01  8.3599E-03
  1.2991E+00  4.3490E+00 -8.8709E-18  2.4338E-01  3.9646E-02  1.1073E-01  8.3894E-03
  1.3000E+00  4.3520E+00 -9.3011E-18  2.4339E-01  3.9646E-02  1.1073E-01  8.3950E-03
  1.3040E+00  4.3653E+00 -1.0000E-17  2.4343E-01  3.9646E-02  1.1073E-01  8.4195E-03
  1.3087E+00  4.3813E+00 -9.8387E-18  2.4347E-01  3.9646E-02  1.1073E-01  8.4490E-03
  1.3135E+00  4.3973E+00 -9.7849E-18  2.4351E-01  3.9646E-02  1.1073E-01  8.4784E-03
  1.3183E+00  4.4133E+00 -6.7204E-18  2.4355E-01  3.9646E-02  1.1073E-01  8.5079E-03
  1.3231E+00  4.4293E+00 -8.0645E-18  2.4359E-01  3.9646E-02  1.1073E-01  8.5373E-03
  1.3279E+00  4.4453E+00 -1.0323E-17  2.4363E-01  3.9646E-02  1.1073E-01  8.5667E-03
  1.3326E+00  4.4613E+00 -8.4946E-18  2.4367E-01  3.9646E-02  1.1073E-01  8.5961E-03
  1.3375E+00  4.4777E+00 -8.3871E-18  2.4371E-01  3.9646E-02  1.1073E-01  8.6261E-03
  1.3423E+00  4.4937E+00 -1.0161E-17  2.4375E-01  3.9646E-02  1.1073E-01  8.6554E-03
  1.3471E+00  4.5097E+00 -8.4946E-18  2.4379E-01  3.9646E-02  1.1073E-01  8.6848E-03
  1.3519E+00  4.5257E+00 -1.0323E-17  2.4384E-01  3.9646E-02  1.1073E-01  8.7141E-03
  1.3566E+00  4.5417E+00 -9.1398E-18  2.4388E-01  3.9646E-02  1.1073E-01  8.7434E-03
  1.3614E+00  4.5577E+00 -8.5484E-18  2.4392E-01  3.9646E-02  1.1073E-01  8.7727E-03
  1.3662E+00  4.5737E+00 -9.1398E-18  2.4396E-01  3.9646E-02  1.1073E-01  8.8020E-03
  1.3711E+00  4.5900E+00 -8.1183E-18  2.4400E-01  3.9646E-02  1.1073E-01  8.8319E-03
  1.3759E+00  4.6060E+00 -7.5269E-18  2.4405E-01  3.9646E-02  1.1073E-01  8.8611E-03
  1.3806E+00  4.6220E+00 -7.7419E-18  2.4409E-01  3.9646E-02  1.1073E-01  8.8904E-03
  1.3854E+00  4.6380E+00 -1.0645E-17  2.4413E-01  3.9646E-02  1.1073E-01  8.9196E-03
  1.3902E+00  4.6540E+00 -9.0322E-18  2.4417E-01  3.9646E-02  1.1073E-01  8.9488E-03
  1.3950E+00  4.6700E+00 -1.0108E-17  2.4422E-01  3.9646E-02  1.1073E-01  8.9780E-03
  1.3998E+00  4.6860E+00 -9.4623E-18  2.4426E-01  3.9646E-02  1.1073E-01  9.0072E-03
  1.4046E+00  4.7023E+00 -8.4408E-18  2.4430E-01  3.9646E-02  1.1073E-01  9.0370E-03
  1.4094E+00  4.7183E+00 -8.7097E-18  2.4435E-01  3.9646E-02  1.1073E-01  9.0661E-03
  1.4142E+00  4.7343E+00 -8.8172E-18  2.4439E-01  3.9646E-02  1.1073E-01  9.0952E-03
  1.4190E+00  4.7503E+00 -8.2795E-18  2.4443E-01  3.9646E-02  1.1073E-01  9.1243E-03
  1.4238E+00  4.7663E+00 -8.7634E-18  2.4448E-01  3.9646E-02  1.1073E-01  9.1534E-03
  1.4285E+00  4.7823E+00 -8.7097E-18  2.4452E-01  3.9646E-02  1.1073E-01  9.1825E-03
  1.4333E+00  4.7983E+00 -9.9462E-18  2.4457E-01  3.9646E-02  1.1073E-01  9.2116E-03
  1.4382E+00  4.8147E+00 -8.3871E-18  2.4461E-01  3.9646E-02  1.1073E-01  9.2413E-03
  1.4430E+00  4.8307E+00 -9.1935E-18  2.4466E-01  3.9646E-02  1.1073E-01  9.2703E-03
  1.4478E+00  4.8467E+00 -9.5699E-18  2.4470E-01  3.9646E-02  1.1073E-01  9.2993E-03
  1.4525E+00  4.8627E+00 -1.0538E-17  2.4474E-01  3.9646E-02  1.1073E-01  9.3283E-03
  1.4573E+00  4.8787E+00 -9.6774E-18  2.4479E-01  3.9646E-02  1.1073E-01  9.3573E-03
  1.4621E+00  4.8947E+00 -1.3118E-17  2.4483E-01  3.9646E-02  1.1073E-01  9.3863E-03
  1.4669E+00  4.9107E+00 -1.0108E-17  2.4488E-01  3.9646E-02  1.1073E-01  9.4152E-03
  1.4718E+00  4.9270E+00  1.7742E-18  2.4492E-01  3.9647E-02  1.1073E-01  9.4530E-03
  1.4765E+00  4.9430E+00 -5.8602E-18  2.4497E-01  3.9651E-02  1.1073E-01  9.4986E-03
  1.4813E+00  4.9590E+00 -7.7419E-18  2.4502E-01  3.9656E-02  1.1073E-01  9.5448E-03
  1.4861E+00  4.9750E+00 -7.6882E-18  2.4506E-01  3.9660E-02  1.1073E-01  9.5932E-03
  1.4909E+00  4.9910E+00 -1.1828E-18  2.4511E-01  3.9665E-02  1.1073E-01  9.6432E-03
  1.4957E+00  5.0070E+00 -1.2849E-17  2.4515E-01  3.9671E-02  1.1073E-01  9.6951E-03
  1.5004E+00  5.0230E+00 -9.9462E-18  2.4520E-01  3.9677E-02  1.1073E-01  9.7487E-03
  1.5053E+00  5.0394E+00 -8.8172E-18  2.4525E-01  3.9684E-02  1.1073E-01  9.8051E-03
  1.5101E+00  5.0554E+00 -3.2258E-19  2.4529E-01  3.9691E-02  1.1073E-01  9.8623E-03
  1.5149E+00  5.0714E+00 -4.1398E-18  2.4534E-01  3.9698E-02  1.1073E-01  9.9212E-03
  1.5197E+00  5.0874E+00 -1.3011E-17  2.4539E-01  3.9706E-02  1.1073E-01  9.9821E-03
  1.5244E+00  5.1034E+00 -3.1720E-18  2.4544E-01  3.9715E-02  1.1073E-01  1.0045E-02
  1.5292E+00  5.1194E+00 -1.4032E-17  2.4549E-01  3.9724E-02  1.1073E-01  1.0110E-02
  1.5340E+00  5.1354E+00  2.0430E-18  2.4553E-01  3.9734E-02  1.1073E-01  1.0176E-02
  1.5389E+00  5.1517E+00 -4.4624E-18  2.4558E-01  3.9744E-02  1.1073E-01  1.0245E-02
  1.5437E+00  5.1677E+00 -1.5161E-17  2.4563E-01  3.9754E-02  1.1073E-01  1.0313E-02
  1.5484E+00  5.1837E+00 -7.5806E-18  2.4568E-01  3.9764E-02  1.1073E-01  1.0381E-02
  1.5532E+00  5.1997E+00 -1.3280E-17  2.4573E-01  3.9775E-02  1.1073E-01  1.0450E-02
  1.5580E+00  5.2157E+00 -8.6021E-18  2.4578E-01  3.9785E-02  1.1073E-01  1.0516E-02
  1.5628E+00  5.2317E+00 -1.1344E-17  2.4583E-01  3.9794E-02  1.1073E-01  1.0580E-02
  1.5676E+00  5.2477E+00 -1.7527E-17  2.4588E-01  3.9802E-02  1.1073E-01  1.0638E-02
  1.5724E+00  5.2641E+00 -9.7312E-18  2.4594E-01  3.9808E-02  1.1073E-01  1.0690E-02
  1.5772E+00  5.2801E+00 -1.3763E-17  2.4599E-01  3.9811E-02  1.1073E-01  1.0731E-02
  1.5820E+00  5.2961E+00 -1.6935E-17  2.4604E-01  3.9812E-02  1.1073E-01  1.0761E-02
  1.5868E+00  5.3121E+00 -1.7204E-18  2.4609E-01  3.9807E-02  1.1073E-01  1.0771E-02
  1.5915E+00  5.3281E+00 -2.1505E-18  2.4614E-01  3.9796E-02  1.1073E-01  1.0758E-02
  1.5963E+00  5.3441E+00  8.2795E-18  2.4619E-01  3.9776E-02  1.1073E-01  1.0713E-02
  1.5999E+00  5.3561E+00 -7.2043E-18  2.4623E-01  3.9755E-02  1.1073E-01  1.0657E-02
  1.6011E+00  5.3601E+00 -7.7957E-18  2.4624E-01  3.9746E-02  1.1073E-01  1.0632E-02
  1.6060E+00  5.3764E+00 -1.2796E-17  2.4629E-01  3.9703E-02  1.1073E-01  1.0496E-02
  1.6108E+00  5.3924E+00 -1.0430E-17  2.4634E-01  3.9646E-02  1.1073E-01  1.0306E-02
  1.6155E+00  5.4084E+00  3.7634E-19  2.4639E-01  3.9570E-02  1.1073E-01  1.0042E-02
  1.6203E+00  5.4244E+00 -1.3978E-17  2.4644E-01  3.9476E-02  1.1073E-01  9.6900E-03
  1.6251E+00  5.4404E+00 -6.4516E-18  2.4649E-01  3.9359E-02  1.1073E-01  9.2323E-03
  1.6299E+00  5.4564E+00  3.2796E-18  2.4653E-01  3.9221E-02  1.1073E-01  8.6525E-03
  1.6347E+00  5.4724E+00 -1.2258E-17  2.4657E-01  3.9061E-02  1.1073E-01  7.9271E-03
  1.6395E+00  5.4887E+00 -1.1935E-17  2.4660E-01  3.8881E-02  1.1073E-01  7.0148E-03
  1.6443E+00  5.5047E+00 -1.1344E-17  2.4664E-01  3.8695E-02  1.1073E-01  5.9243E-03
  1.6491E+00  5.5207E+00 -5.6451E-18  2.4666E-01  3.8514E-02  1.1073E-01  4.6196E-03
  1.6500E+00  5.5237E+00 -5.8602E-18  2.4667E-01  3.8482E-02  1.1073E-01  4.3491E-03
  1.6539E+00  5.5367E+00 -7.6344E-18  2.4668E-01  3.8357E-02  1.1073E-01  3.0805E-03
  1.6587E+00  5.5527E+00 -1.2903E-17  2.4669E-01  3.8254E-02  1.1073E-01  1.2804E-03
  1.6634E+00  5.5687E+00 -3.1183E-18  2.4669E-01  3.8241E-02  1.1073E-01 -7.6805E-04
  1.6682E+00  5.5847E+00  6.4516E-19  2.4668E-01  3.8362E-02  1.1073E-01 -3.1030E-03
  1.6731E+00  5.6011E+00 -6.4516E-18  2.4666E-01  3.8675E-02  1.1073E-01 -5.7727E-03
  1.6779E+00  5.6171E+00 -7.2580E-18  2.4663E-01  3.9217E-02  1.1073E-01 -8.6546E-03
  1.6827E+00  5.6331E+00 -7.3118E-18  2.4658E-01  4.0039E-02  1.1073E-01 -1.1802E-02
  1.6874E+00  5.6491E+00 -8.3333E-18  2.4651E-01  4.1184E-02  1.1073E-01 -1.5206E-02
  1.6922E+00  5.6651E+00 -3.9785E-18  2.4643E-01  4.2680E-02  1.1073E-01 -1.8852E-02
  1.6970E+00  5.6811E+00 -1.4032E-17  2.4633E-01  4.4531E-02  1.1073E-01 -2.2699E-02
  1.7000E+00  5.6911E+00 -1.4516E-18  2.4626E-01  4.5873E-02  1.1073E-01 -2.5207E-02
  1.7019E+00  5.6974E+00 -1.5430E-17  2.4621E-01  4.6794E-02  1.1073E-01 -2.6832E-02
  1.7066E+00  5.7134E+00 -3.8710E-18  2.4607E-01  4.9358E-02  1.1073E-01 -3.1052E-02
  1.7114E+00  5.7294E+00 -8.0645E-18  2.4592E-01  5.2233E-02  1.1073E-01 -3.5406E-02
  1.7162E+00  5.7454E+00 -4.0860E-18  2.4574E-01  5.5399E-02  1.1073E-01 -3.9891E-02
  1.7210E+00  5.7614E+00 -2.8495E-18  2.4553E-01  5.8824E-02  1.1073E-01 -4.4487E-02
  1.7258E+00  5.7778E+00 -1.3118E-17  2.4531E-01  6.2549E-02  1.1073E-01 -4.9266E-02
  1.7306E+00  5.7938E+00 -9.2473E-18  2.4506E-01  6.6365E-02  1.1074E-01 -5.3988E-02
  1.7354E+00  5.8098E+00 -6.7742E-18  2.4479E-01  7.0315E-02  1.1074E-01 -5.8732E-02
  1.7401E+00  5.8258E+00 -1.0430E-17  2.4450E-01  7.4351E-02  1.1074E-01 -6.3465E-02
  1.7450E+00  5.8422E+00 -1.4677E-17  2.4418E-01  7.8536E-02  1.1074E-01 -6.8274E-02
  1.7498E+00  5.8582E+00 -8.9785E-18  2.4384E-01  8.2608E-02  1.1074E-01 -7.2874E-02
  1.7500E+00  5.8590E+00 -8.2258E-18  2.4383E-01  8.2804E-02  1.1074E-01 -7.3094E-02
  1.7546E+00  5.8745E+00 -1.7634E-17  2.4348E-01  8.6704E-02  1.1074E-01 -7.7437E-02
  1.7593E+00  5.8905E+00 -1.1237E-17  2.4310E-01  9.0642E-02  1.1074E-01 -8.1771E-02
  1.7642E+00  5.9069E+00 -6.3441E-18  2.4270E-01  9.4545E-02  1.1074E-01 -8.6024E-02
  1.7689E+00  5.9229E+00 -1.4946E-17  2.4228E-01  9.8211E-02  1.1074E-01 -8.9982E-02
  1.7738E+00  5.9393E+00 -1.3978E-18  2.4183E-01  1.0179E-01  1.1074E-01 -9.3812E-02
  1.7785E+00  5.9553E+00 -1.4731E-17  2.4138E-01  1.0504E-01  1.1074E-01 -9.7269E-02
  1.7834E+00  5.9719E+00 -1.3495E-17  2.4090E-01  1.0812E-01  1.1074E-01 -1.0052E-01
  1.7881E+00  5.9879E+00 -3.4946E-18  2.4042E-01  1.1076E-01  1.1074E-01 -1.0330E-01
  1.7930E+00  6.0046E+00 -8.0107E-18  2.3991E-01  1.1314E-01  1.1074E-01 -1.0577E-01
  1.7977E+00  6.0210E+00  6.9892E-18  2.3940E-01  1.1504E-01  1.1074E-01 -1.0772E-01
  1.8000E+00  6.0288E+00 -1.6452E-17  2.3915E-01  1.1578E-01  1.1074E-01 -1.0847E-01
  1.8025E+00  6.0375E+00 -6.6666E-18  2.3888E-01  1.1651E-01  1.1074E-01 -1.0921E-01
  1.8073E+00  6.0540E+00 -6.8817E-18  2.3835E-01  1.1758E-01  1.1074E-01 -1.1026E-01
  1.8121E+00  6.0706E+00 -7.3118E-18  2.3782E-01  1.1834E-01  1.1074E-01 -1.1099E-01
  1.8169E+00  6.0873E+00 -1.3172E-17  2.3729E-01  1.1890E-01  1.1074E-01 -1.1148E-01
  1.8217E+00  6.1040E+00 -5.2688E-18  2.3675E-01  1.1936E-01  1.1074E-01 -1.1187E-01
  1.8265E+00  6.1208E+00 -1.7796E-17  2.3622E-01  1.1978E-01  1.1074E-01 -1.1222E-01
  1.8313E+00  6.1377E+00 -7.8494E-18  2.3568E-01  1.2021E-01  1.1074E-01 -1.1256E-01
  1.8361E+00  6.1547E+00 -5.3763E-20  2.3514E-01  1.2069E-01  1.1074E-01 -1.1295E-01
  1.8409E+00  6.1717E+00 -7.8494E-18  2.3460E-01  1.2122E-01  1.1074E-01 -1.1340E-01
  1.8456E+00  6.1887E+00 -6.6666E-18  2.3406E-01  1.2181E-01  1.1074E-01 -1.1390E-01
  1.8500E+00  6.2044E+00 -1.8280E-18  2.3356E-01  1.2242E-01  1.1074E-01 -1.1442E-01
  1.8505E+00  6.2061E+00 -1.1505E-17  2.3350E-01  1.2249E-01  1.1074E-01 -1.1448E-01
  1.8553E+00  6.2235E+00 -1.0860E-17  2.3295E-01  1.2321E-01  1.1074E-01 -1.1511E-01
  1.8601E+00  6.2410E+00 -6.4516E-19  2.3240E-01  1.2400E-01  1.1074E-01 -1.1580E-01
  1.8649E+00  6.2586E+00 -5.3763E-18  2.3184E-01  1.2485E-01  1.1074E-01 -1.1654E-01
  1.8697E+00  6.2763E+00 -1.8064E-17  2.3128E-01  1.2575E-01  1.1074E-01 -1.1734E-01
  1.8745E+00  6.2942E+00 -1.3763E-17  2.3072E-01  1.2672E-01  1.1074E-01 -1.1820E-01
  1.8792E+00  6.3122E+00 -2.6882E-18  2.3015E-01  1.2775E-01  1.1074E-01 -1.1911E-01
  1.8800E+00  6.3150E+00 -6.7742E-18  2.3006E-01  1.2791E-01  1.1074E-01 -1.1926E-01
  1.8840E+00  6.3300E+00 -7.0968E-18  2.2958E-01  1.2882E-01  1.1074E-01 -1.2006E-01
  1.8888E+00  6.3487E+00 -4.1935E-18  2.2900E-01  1.3000E-01  1.1074E-01 -1.2111E-01
  1.8900E+00  6.3531E+00 -7.8494E-18  2.2885E-01  1.3029E-01  1.1074E-01 -1.2137E-01
  1.8936E+00  6.3671E+00 -7.0968E-18  2.2841E-01  1.3122E-01  1.1074E-01 -1.2220E-01
  1.8984E+00  6.3858E+00  3.9785E-18  2.2782E-01  1.3252E-01  1.1074E-01 -1.2336E-01
  1.9000E+00  6.3918E+00 -7.2043E-18  2.2763E-01  1.3296E-01  1.1074E-01 -1.2375E-01
  1.9032E+00  6.4047E+00 -3.8710E-18  2.2723E-01  1.3390E-01  1.1074E-01 -1.2459E-01
  1.9080E+00  6.4237E+00 -4.3011E-19  2.2663E-01  1.3536E-01  1.1074E-01 -1.2589E-01
  1.9127E+00  6.4427E+00 -3.1183E-18  2.2603E-01  1.3688E-01  1.1074E-01 -1.2725E-01
  1.9176E+00  6.4626E+00 -3.8710E-18  2.2541E-01  1.3855E-01  1.1074E-01 -1.2874E-01
  1.9224E+00  6.4823E+00  1.2688E-17  2.2479E-01  1.4028E-01  1.1074E-01 -1.3028E-01
  1.9272E+00  6.5023E+00 -1.3656E-17  2.2416E-01  1.4211E-01  1.1074E-01 -1.3191E-01
  1.9319E+00  6.5223E+00 -1.4409E-17  2.2353E-01  1.4400E-01  1.1074E-01 -1.3360E-01
  1.9368E+00  6.5433E+00 -9.2473E-18  2.2288E-01  1.4607E-01  1.1074E-01 -1.3543E-01
  1.9416E+00  6.5642E+00  7.4193E-18  2.2222E-01  1.4820E-01  1.1074E-01 -1.3731E-01
  1.9463E+00  6.5852E+00 -1.6452E-17  2.2157E-01  1.5042E-01  1.1074E-01 -1.3927E-01
  1.9500E+00  6.6018E+00 -1.0430E-17  2.2105E-01  1.5225E-01  1.1074E-01 -1.4088E-01
  1.9511E+00  6.6068E+00 -1.0753E-18  2.2090E-01  1.5282E-01  1.1074E-01 -1.4139E-01
  1.9559E+00  6.6288E+00 -9.8924E-18  2.2021E-01  1.5546E-01  1.1074E-01 -1.4373E-01
  1.9607E+00  6.6515E+00 -3.6559E-18  2.1951E-01  1.5859E-01  1.1074E-01 -1.4655E-01
  1.9655E+00  6.6743E+00 -6.7742E-18  2.1880E-01  1.6243E-01  1.1074E-01 -1.5011E-01
  1.9703E+00  6.6973E+00 -4.6236E-18  2.1808E-01  1.6737E-01  1.1074E-01 -1.5484E-01
  1.9751E+00  6.7213E+00  5.3763E-19  2.1732E-01  1.7399E-01  1.1074E-01 -1.6133E-01
  1.9799E+00  6.7459E+00 -2.1505E-18  2.1652E-01  1.8230E-01  1.1074E-01 -1.6960E-01
  1.9847E+00  6.7708E+00 -9.6774E-19  2.1568E-01  1.9221E-01  1.1074E-01 -1.7956E-01
  1.9894E+00  6.7958E+00 -4.1935E-18  2.1481E-01  2.0346E-01  1.1074E-01 -1.9091E-01
  1.9942E+00  6.8218E+00 -6.7742E-18  2.1386E-01  2.1634E-01  1.1075E-01 -2.0393E-01
  1.9991E+00  6.8488E+00 -2.4731E-18  2.1283E-01  2.3078E-01  1.1075E-01 -2.1855E-01
  2.0000E+00  6.8538E+00 -6.7742E-18  2.1264E-01  2.3356E-01  1.1075E-01 -2.2136E-01
  2.0039E+00  6.8758E+00 -1.2043E-17  2.1175E-01  2.4611E-01  1.1075E-01 -2.3407E-01
  2.0049E+00  6.8818E+00 -7.0968E-18  2.1151E-01  2.4962E-01  1.1075E-01 -2.3762E-01
  2.0087E+00  6.9036E+00 -3.7634E-18  2.1059E-01  2.6257E-01  1.1075E-01 -2.5072E-01
  2.0100E+00  6.9113E+00 -1.2043E-17  2.1025E-01  2.6718E-01  1.1075E-01 -2.5538E-01
  2.0134E+00  6.9313E+00 -5.4839E-18  2.0937E-01  2.7925E-01  1.1075E-01 -2.6758E-01
  2.0182E+00  6.9603E+00 -1.0753E-17  2.0803E-01  2.9669E-01  1.1075E-01 -2.8519E-01
  2.0200E+00  6.9710E+00 -6.5591E-18  2.0752E-01  3.0305E-01  1.1075E-01 -2.9160E-01
  2.0231E+00  6.9897E+00 -5.5914E-18  2.0661E-01  3.1399E-01  1.1075E-01 -3.0262E-01
  2.0279E+00  7.0194E+00 -7.5269E-18  2.0512E-01  3.3061E-01  1.1075E-01 -3.1935E-01
  2.0326E+00  7.0494E+00 -5.8064E-18  2.0355E-01  3.4633E-01  1.1075E-01 -3.3515E-01
  2.0374E+00  7.0794E+00 -1.0108E-17  2.0193E-01  3.6062E-01  1.1075E-01 -3.4947E-01
  2.0422E+00  7.1104E+00 -1.3656E-17  2.0021E-01  3.7356E-01  1.1075E-01 -3.6241E-01
  2.0470E+00  7.1414E+00  4.3011E-18  1.9844E-01  3.8449E-01  1.1075E-01 -3.7330E-01
  2.0499E+00  7.1604E+00 -6.6666E-18  1.9734E-01  3.9017E-01  1.1075E-01 -3.7893E-01
  2.0518E+00  7.1724E+00 -4.8387E-18  1.9664E-01  3.9336E-01  1.1075E-01 -3.8208E-01
  2.0566E+00  7.2041E+00 -8.2795E-18  1.9477E-01  4.0043E-01  1.1075E-01 -3.8901E-01
  2.0613E+00  7.2351E+00  3.6559E-18  1.9293E-01  4.0558E-01  1.1075E-01 -3.9400E-01
  2.0662E+00  7.2671E+00 -6.6129E-18  1.9101E-01  4.0941E-01  1.1075E-01 -3.9762E-01
  2.0710E+00  7.2990E+00 -7.9570E-18  1.8908E-01  4.1207E-01  1.1075E-01 -4.0005E-01
  2.0758E+00  7.3308E+00 -1.1344E-17  1.8716E-01  4.1387E-01  1.1075E-01 -4.0161E-01
  2.0806E+00  7.3627E+00 -6.4516E-18  1.8523E-01  4.1507E-01  1.1075E-01 -4.0254E-01
  2.0854E+00  7.3946E+00 -1.6129E-18  1.8330E-01  4.1585E-01  1.1075E-01 -4.0305E-01
  2.0902E+00  7.4266E+00 -3.0645E-18  1.8137E-01  4.1634E-01  1.1075E-01 -4.0325E-01
  2.0950E+00  7.4586E+00 -6.5591E-18  1.7944E-01  4.1664E-01  1.1075E-01 -4.0325E-01
  2.0998E+00  7.4905E+00 -1.1828E-17  1.7750E-01  4.1683E-01  1.1075E-01 -4.0313E-01
  2.0999E+00  7.4915E+00 -6.4516E-18  1.7744E-01  4.1683E-01  1.1075E-01 -4.0312E-01
  2.1046E+00  7.5225E+00 -1.1129E-17  1.7557E-01  4.1694E-01  1.1075E-01 -4.0292E-01
  2.1094E+00  7.5545E+00 -4.4624E-18  1.7364E-01  4.1700E-01  1.1075E-01 -4.0265E-01
  2.1141E+00  7.5865E+00 -5.8602E-18  1.7172E-01  4.1703E-01  1.1075E-01 -4.0234E-01
  2.1189E+00  7.6185E+00 -6.8817E-18  1.6979E-01  4.1704E-01  1.1075E-01 -4.0201E-01
  2.1237E+00  7.6505E+00 -5.9140E-18  1.6787E-01  4.1705E-01  1.1075E-01 -4.0166E-01
  2.1285E+00  7.6825E+00 -6.3441E-18  1.6595E-01  4.1705E-01  1.1075E-01 -4.0129E-01
  2.1333E+00  7.7145E+00 -2.7419E-18  1.6403E-01  4.1705E-01  1.1075E-01 -4.0091E-01
  2.1381E+00  7.7465E+00 -4.7849E-18  1.6211E-01  4.1705E-01  1.1075E-01 -4.0051E-01
  2.1428E+00  7.7785E+00 -5.1613E-18  1.6020E-01  4.1706E-01  1.1075E-01 -4.0010E-01
  2.1476E+00  7.8105E+00 -3.9785E-18  1.5829E-01  4.1706E-01  1.1075E-01 -3.9968E-01
  2.1524E+00  7.8425E+00 -2.0968E-18  1.5638E-01  4.1706E-01  1.1075E-01 -3.9924E-01
  2.1573E+00  7.8753E+00 -5.2688E-18  1.5442E-01  4.1706E-01  1.1075E-01 -3.9878E-01
  2.1621E+00  7.9073E+00 -9.8387E-18  1.5252E-01  4.1706E-01  1.1075E-01 -3.9831E-01
  2.1669E+00  7.9393E+00 -1.3548E-17  1.5062E-01  4.1706E-01  1.1075E-01 -3.9782E-01
  2.1716E+00  7.9713E+00 -2.0968E-18  1.4871E-01  4.1706E-01  1.1075E-01 -3.9732E-01
  2.1764E+00  8.0033E+00 -2.4731E-18  1.4682E-01  4.1706E-01  1.1075E-01 -3.9679E-01
  2.1812E+00  8.0353E+00 -7.4731E-18  1.4492E-01  4.1706E-01  1.1075E-01 -3.9624E-01
  2.1860E+00  8.0673E+00 -7.7419E-18  1.4303E-01  4.1706E-01  1.1075E-01 -3.9567E-01
  2.1908E+00  8.0993E+00 -3.9247E-18  1.4114E-01  4.1706E-01  1.1075E-01 -3.9508E-01
  2.1957E+00  8.1320E+00  4.1398E-18  1.3921E-01  4.1706E-01  1.1075E-01 -3.9445E-01
  2.2000E+00  8.1610E+00 -3.4409E-18  1.3750E-01  4.1706E-01  1.1075E-01 -3.9387E-01
  2.2004E+00  8.1640E+00 -1.0430E-17  1.3732E-01  4.1706E-01  1.1075E-01 -3.9380E-01
  2.2052E+00  8.1960E+00 -1.6129E-19  1.3544E-01  4.1706E-01  1.1075E-01 -3.9313E-01
  2.2100E+00  8.2280E+00 -1.1290E-18  1.3357E-01  4.1706E-01  1.1075E-01 -3.9243E-01
  2.2148E+00  8.2600E+00 -5.2688E-18  1.3169E-01  4.1706E-01  1.1075E-01 -3.9171E-01
  2.2196E+00  8.2920E+00 -8.9785E-18  1.2982E-01  4.1706E-01  1.1075E-01 -3.9095E-01
  2.2243E+00  8.3240E+00 -6.1290E-18  1.2795E-01  4.1706E-01  1.1075E-01 -3.9015E-01
  2.2291E+00  8.3560E+00 -1.0269E-17  1.2609E-01  4.1706E-01  1.1075E-01 -3.8932E-01
  2.2340E+00  8.3886E+00 -2.3656E-18  1.2419E-01  4.1706E-01  1.1075E-01 -3.8844E-01
  2.2388E+00  8.4206E+00 -2.2043E-18  1.2233E-01  4.1706E-01  1.1075E-01 -3.8753E-01
  2.2436E+00  8.4526E+00 -7.5806E-18  1.2048E-01  4.1706E-01  1.1075E-01 -3.8658E-01
  2.2483E+00  8.4846E+00 -4.6774E-18  1.1864E-01  4.1706E-01  1.1075E-01 -3.8558E-01
  2.2500E+00  8.4956E+00 -3.1720E-18  1.1800E-01  4.1706E-01  1.1075E-01 -3.8523E-01
  2.2531E+00  8.5166E+00 -3.7634E-18  1.1680E-01  4.1706E-01  1.1075E-01 -3.8454E-01
  2.2579E+00  8.5486E+00 -8.5484E-18  1.1496E-01  4.1706E-01  1.1075E-01 -3.8345E-01
  2.2627E+00  8.5806E+00 -8.0645E-19  1.1313E-01  4.1706E-01  1.1075E-01 -3.8230E-01
  2.2675E+00  8.6126E+00 -1.3064E-17  1.1131E-01  4.1706E-01  1.1075E-01 -3.8110E-01
  2.2724E+00  8.6453E+00 -1.0484E-17  1.0945E-01  4.1706E-01  1.1075E-01 -3.7981E-01
  2.2771E+00  8.6773E+00 -5.0538E-18  1.0763E-01  4.1706E-01  1.1075E-01 -3.7848E-01
  2.2819E+00  8.7093E+00 -6.3441E-18  1.0583E-01  4.1706E-01  1.1075E-01 -3.7708E-01
  2.2867E+00  8.7413E+00 -5.8064E-18  1.0403E-01  4.1706E-01  1.1075E-01 -3.7561E-01
  2.2915E+00  8.7733E+00 -5.8064E-18  1.0224E-01  4.1706E-01  1.1075E-01 -3.7406E-01
  2.2963E+00  8.8053E+00 -3.0645E-18  1.0045E-01  4.1706E-01  1.1075E-01 -3.7242E-01
  2.3000E+00  8.8303E+00 -4.4624E-18  9.9064E-02  4.1706E-01  1.1075E-01 -3.7108E-01
  2.3010E+00  8.8373E+00 -8.0107E-18  9.8676E-02  4.1706E-01  1.1075E-01 -3.7070E-01
  2.3058E+00  8.8693E+00 -4.3548E-18  9.6908E-02  4.1706E-01  1.1075E-01 -3.6888E-01
  2.3107E+00  8.9020E+00 -1.1452E-17  9.5111E-02  4.1706E-01  1.1075E-01 -3.6692E-01
  2.3155E+00  8.9340E+00 -6.2365E-18  9.3362E-02  4.1706E-01  1.1075E-01 -3.6489E-01
  2.3200E+00  8.9640E+00 -7.7419E-18  9.1731E-02  4.1706E-01  1.1075E-01 -3.6287E-01
  2.3203E+00  8.9660E+00 -1.2258E-17  9.1622E-02  4.1706E-01  1.1075E-01 -3.6274E-01
  2.3251E+00  8.9980E+00 -3.6559E-18  8.9893E-02  4.1706E-01  1.1075E-01 -3.6046E-01
  2.3298E+00  9.0300E+00 -5.0538E-18  8.8175E-02  4.1706E-01  1.1075E-01 -3.5805E-01
  2.3346E+00  9.0620E+00 -4.6774E-18  8.6469E-02  4.1706E-01  1.1075E-01 -3.5550E-01
  2.3394E+00  9.0940E+00 -5.3226E-18  8.4776E-02  4.1706E-01  1.1075E-01 -3.5279E-01
  2.3442E+00  9.1260E+00 -7.6882E-18  8.3096E-02  4.1706E-01  1.1075E-01 -3.4991E-01
  2.3491E+00  9.1587E+00 -1.0591E-17  8.1395E-02  4.1706E-01  1.1075E-01 -3.4679E-01
  2.3500E+00  9.1647E+00 -4.0322E-18  8.1085E-02  4.1706E-01  1.1075E-01 -3.4620E-01
  2.3538E+00  9.1907E+00 -7.9032E-18  7.9745E-02  4.1706E-01  1.1075E-01 -3.4354E-01
  2.3586E+00  9.2227E+00 -7.3656E-18  7.8110E-02  4.1706E-01  1.1075E-01 -3.4008E-01
  2.3634E+00  9.2547E+00 -1.1667E-17  7.6493E-02  4.1706E-01  1.1075E-01 -3.3640E-01
  2.3682E+00  9.2867E+00 -1.1774E-17  7.4894E-02  4.1706E-01  1.1075E-01 -3.3248E-01
  2.3730E+00  9.3187E+00 -8.4408E-18  7.3314E-02  4.1706E-01  1.1075E-01 -3.2830E-01
  2.3777E+00  9.3507E+00 -1.1237E-17  7.1755E-02  4.1706E-01  1.1075E-01 -3.2384E-01
  2.3825E+00  9.3827E+00 -1.7366E-17  7.0218E-02  4.1706E-01  1.1075E-01 -3.1909E-01
  2.3874E+00  9.4153E+00 -1.1774E-17  6.8672E-02  4.1706E-01  1.1075E-01 -3.1390E-01
  2.3970E+00  9.4795E+00 -1.7097E-17  6.5715E-02  4.1706E-01  1.1075E-01 -3.0265E-01
